Landmarks 0
Trees 100
93.35334 -15.30352 1.66947
157.14943 0.45336 2.59785
273.84044 -9.44881 2.0374
253.76211 -19.07331 1.81836
115.57676 25.03156 1.96075
242.34688 -22.39541 1.97536
41.07315 8.98646 2.21192
216.27915 -6.40349 2.89734
129.58508 26.20339 2.6243
266.79024 -26.26281 1.58224
162.65955 24.66553 2.60854
85.81961 25.68026 2.90754
71.86071 -11.29382 2.01923
151.51762 12.05734 1.77535
127.62329 6.93041 2.79809
24.29888 26.78527 2.76992
228.79323 13.84743 2.9783
19.84722 -23.76017 2.16827
277.35819 24.92806 1.78511
60.63009 19.5049 2.50651
10.79039 4.70357 1.99173
242.22634 -3.38889 2.52747
24.25761 14.67477 2.17998
29.91696 24.7109 2.66036
74.40692 11.4233 1.97646
198.2747 0.76401 1.77272
295.60256 11.76052 1.6906
135.04484 -24.37131 2.50466
285.12998 10.23923 1.91534
202.32442 -8.39563 1.77284
97.28182 -9.41486 2.51945
37.5528 -9.53309 1.96545
107.22077 21.37554 2.07524
260.24839 -26.00686 2.64903
10.9628 -13.0242 1.53569
98.86516 0.42435 2.36381
193.71284 -11.25414 1.65615
30.48438 -10.90538 2.35673
69.71535 19.30001 1.85805
191.28237 -15.86956 2.63728
246.30288 -25.04576 2.5659
44.99031 11.59718 2.39696
236.4998 -14.65352 2.61977
82.7074 8.82695 1.76703
287.52328 -9.61823 1.63128
233.45644 -3.48612 1.66925
267.6103 18.15645 1.52948
165.75849 -8.68256 1.89486
63.05628 -12.52024 2.19637
183.68599 16.6803 1.7974
271.90562 14.70242 2.7509
279.62241 -22.1231 1.6997
220.49159 6.12036 2.02363
254.66903 -6.06763 2.24
136.30946 3.31694 1.76275
98.26932 -24.12462 2.78102
232.34262 -12.73729 1.90107
180.09181 -21.23523 2.6212
158.43102 18.04935 2.29453
156.34907 -13.87949 2.6142
16.1236 18.66254 2.93956
174.33503 12.19807 2.32014
61.47459 -8.94012 1.64672
144.29247 -0.26073 2.96739
6.16416 -16.96056 2.83345
38.30571 -24.54583 2.20101
108.11988 -14.29037 2.53425
214.32312 14.40776 2.78567
27.90005 -1.03278 2.78865
276.307 -19.37559 2.01953
130.02079 18.1667 2.80354
77.72731 18.7046 1.92453
89.78097 2.17941 2.94548
271.20544 -20.26177 2.98407
292.36517 -13.72352 1.86448
147.03569 -8.22734 2.79026
171.88672 19.49023 2.40756
190.8938 14.77334 2.19757
153.36283 22.40924 1.60901
81.4536 -19.61587 2.10535
186.12819 22.76427 2.21761
166.28023 4.01846 2.34686
295.32484 -10.53806 2.14854
259.6404 -14.5625 1.97212
162.36553 -2.20375 2.29352
53.259 -24.53941 2.60097
12.66492 8.93682 2.07171
198.94443 9.87263 2.04835
34.05963 -4.21218 1.84195
62.68183 1.19263 2.67007
53.76586 5.73411 2.66764
208.13698 23.22872 2.00964
175.66677 -6.36049 2.66533
294.11119 -4.8009 2.0733
278.77663 0.97598 1.91923
115.55997 -10.27208 2.93557
222.45004 22.49282 2.3171
138.81126 19.38473 1.59633
49.90809 -7.11643 2.87149
196.4018 16.99902 1.5783
Platforms 90
154.59144 -10 154.59144 10 159.70742 -10 159.70742 10
154.59144 0 154.59144 20 159.70742 0 159.70742 20
154.59144 10 154.59144 30 159.70742 10 159.70742 30
154.59144 20 154.59144 40 159.70742 20 159.70742 40
154.59144 30 154.59144 50 159.70742 30 159.70742 50
154.59144 40 154.59144 60 159.70742 40 159.70742 60
154.59144 50 154.59144 70 159.70742 50 159.70742 70
154.59144 60 154.59144 80 159.70742 60 159.70742 80
154.59144 70 154.59144 90 159.70742 70 159.70742 90
154.59144 80 154.59144 100 159.70742 80 159.70742 100
196.67507 -10 196.67507 10 199.87433 -10 199.87433 10
196.67507 0 196.67507 20 199.87433 0 199.87433 20
196.67507 10 196.67507 30 199.87433 10 199.87433 30
196.67507 20 196.67507 40 199.87433 20 199.87433 40
196.67507 30 196.67507 50 199.87433 30 199.87433 50
196.67507 40 196.67507 60 199.87433 40 199.87433 60
196.67507 50 196.67507 70 199.87433 50 199.87433 70
196.67507 60 196.67507 80 199.87433 60 199.87433 80
196.67507 70 196.67507 90 199.87433 70 199.87433 90
196.67507 80 196.67507 100 199.87433 80 199.87433 100
96.53975 -10 96.53975 10 101.19057 -10 101.19057 10
96.53975 0 96.53975 20 101.19057 0 101.19057 20
96.53975 10 96.53975 30 101.19057 10 101.19057 30
96.53975 20 96.53975 40 101.19057 20 101.19057 40
96.53975 30 96.53975 50 101.19057 30 101.19057 50
96.53975 40 96.53975 60 101.19057 40 101.19057 60
96.53975 50 96.53975 70 101.19057 50 101.19057 70
96.53975 60 96.53975 80 101.19057 60 101.19057 80
96.53975 70 96.53975 90 101.19057 70 101.19057 90
96.53975 80 96.53975 100 101.19057 80 101.19057 100
141.33656 -10 141.33656 10 147.24838 -10 147.24838 10
141.33656 0 141.33656 20 147.24838 0 147.24838 20
141.33656 10 141.33656 30 147.24838 10 147.24838 30
141.33656 20 141.33656 40 147.24838 20 147.24838 40
141.33656 30 141.33656 50 147.24838 30 147.24838 50
141.33656 40 141.33656 60 147.24838 40 147.24838 60
141.33656 50 141.33656 70 147.24838 50 147.24838 70
141.33656 60 141.33656 80 147.24838 60 147.24838 80
141.33656 70 141.33656 90 147.24838 70 147.24838 90
141.33656 80 141.33656 100 147.24838 80 147.24838 100
25.3097 -10 25.3097 10 30.4904 -10 30.4904 10
25.3097 0 25.3097 20 30.4904 0 30.4904 20
25.3097 10 25.3097 30 30.4904 10 30.4904 30
25.3097 20 25.3097 40 30.4904 20 30.4904 40
25.3097 30 25.3097 50 30.4904 30 30.4904 50
25.3097 40 25.3097 60 30.4904 40 30.4904 60
25.3097 50 25.3097 70 30.4904 50 30.4904 70
25.3097 60 25.3097 80 30.4904 60 30.4904 80
25.3097 70 25.3097 90 30.4904 70 30.4904 90
25.3097 80 25.3097 100 30.4904 80 30.4904 100
87.79955 -10 87.79955 10 91.76239 -10 91.76239 10
87.79955 0 87.79955 20 91.76239 0 91.76239 20
87.79955 10 87.79955 30 91.76239 10 91.76239 30
87.79955 20 87.79955 40 91.76239 20 91.76239 40
87.79955 30 87.79955 50 91.76239 30 91.76239 50
87.79955 40 87.79955 60 91.76239 40 91.76239 60
87.79955 50 87.79955 70 91.76239 50 91.76239 70
87.79955 60 87.79955 80 91.76239 60 91.76239 80
87.79955 70 87.79955 90 91.76239 70 91.76239 90
87.79955 80 87.79955 100 91.76239 80 91.76239 100
161.73014 -10 161.73014 10 163.00092 -10 163.00092 10
161.73014 0 161.73014 20 163.00092 0 163.00092 20
161.73014 10 161.73014 30 163.00092 10 163.00092 30
161.73014 20 161.73014 40 163.00092 20 163.00092 40
161.73014 30 161.73014 50 163.00092 30 163.00092 50
161.73014 40 161.73014 60 163.00092 40 163.00092 60
161.73014 50 161.73014 70 163.00092 50 163.00092 70
161.73014 60 161.73014 80 163.00092 60 163.00092 80
161.73014 70 161.73014 90 163.00092 70 163.00092 90
161.73014 80 161.73014 100 163.00092 80 163.00092 100
60.29292 -10 60.29292 10 65.07074 -10 65.07074 10
60.29292 0 60.29292 20 65.07074 0 65.07074 20
60.29292 10 60.29292 30 65.07074 10 65.07074 30
60.29292 20 60.29292 40 65.07074 20 65.07074 40
60.29292 30 60.29292 50 65.07074 30 65.07074 50
60.29292 40 60.29292 60 65.07074 40 65.07074 60
60.29292 50 60.29292 70 65.07074 50 65.07074 70
60.29292 60 60.29292 80 65.07074 60 65.07074 80
60.29292 70 60.29292 90 65.07074 70 65.07074 90
60.29292 80 60.29292 100 65.07074 80 65.07074 100
277.12408 -10 277.12408 10 280.42918 -10 280.42918 10
277.12408 0 277.12408 20 280.42918 0 280.42918 20
277.12408 10 277.12408 30 280.42918 10 280.42918 30
277.12408 20 277.12408 40 280.42918 20 280.42918 40
277.12408 30 277.12408 50 280.42918 30 280.42918 50
277.12408 40 277.12408 60 280.42918 40 280.42918 60
277.12408 50 277.12408 70 280.42918 50 280.42918 70
277.12408 60 277.12408 80 280.42918 60 280.42918 80
277.12408 70 277.12408 90 280.42918 70 280.42918 90
277.12408 80 277.12408 100 280.42918 80 280.42918 100
Branches 200
251.85888 175.27957 1.07308
210.21373 91.27918 1.33718
114.4297 244.23322 1.69658
292.45726 216.75313 1.39484
93.78506 168.36531 1.83322
59.70866 283.82178 1.45541
192.05775 245.03265 1.14667
274.51189 94.22255 1.39078
184.36716 254.61726 1.70189
162.42035 101.1921 1.59105
29.11009 119.62232 1.8346
261.14748 246.8946 1.18775
91.65021 255.42228 1.45043
103.33489 92.25127 1.05876
86.63319 96.79263 1.97962
95.1129 288.52928 1.87055
73.15489 104.05409 1.57227
259.5789 144.90653 1.39109
201.7883 253.24391 1.87111
286.794 284.20978 1.50691
228.75162 110.54932 1.36949
147.87452 211.45379 1.4029
60.43229 269.26202 1.47427
6.3394 223.21189 1.32826
89.55517 175.91347 1.8463
27.13999 227.73825 1.11653
122.76815 166.90608 1.0065
234.52162 232.3237 1.61645
167.78837 100.25592 1.90753
16.9161 198.64926 1.81777
270.44434 267.70173 1.46211
241.85924 284.21436 1.32926
294.18645 78.53549 1.99008
248.35525 168.65239 1.20502
35.60853 98.54674 1.21629
83.57702 95.05678 1.24143
120.87862 159.79348 1.80373
89.18002 149.5766 1.71519
70.09828 275.45481 1.22674
59.99652 235.20344 1.74927
234.9465 81.38389 1.9986
285.74194 255.98771 1.48212
222.08611 265.94385 1.43872
154.8031 243.03923 1.92926
6.25354 181.36781 1.15509
244.86113 170.15385 1.43064
61.33806 205.11296 1.80778
25.13416 240.94135 1.38627
50.79181 175.15941 1.76259
60.47344 130.18772 1.35138
99.53529 297.37755 1.29005
263.51692 148.8444 1.86555
288.2737 155.45075 1.02439
136.4206 115.19097 1.8174
21.01039 157.55163 1.35673
7.31067 107.60238 1.01192
155.21283 271.95734 1.03281
106.69759 210.04164 1.26938
39.48828 252.59903 1.86962
132.33322 241.39565 1.59
23.99911 189.4367 1.82085
19.55562 136.45048 1.52612
34.00815 172.80145 1.72759
151.85935 119.6348 1.56727
251.5213 154.7976 1.54867
91.37437 283.6658 1.72782
288.27662 219.69713 1.89069
196.50088 126.93092 1.17405
109.24295 224.55238 1.1814
238.43855 173.58279 1.62551
11.21777 214.73362 1.55605
8.30329 284.07645 1.54719
90.36749 233.54574 1.49122
132.18612 258.72491 1.98818
123.02033 266.69524 1.12877
38.68402 291.87859 1.19469
101.19146 275.10521 1.78168
140.50512 113.25702 1.46116
109.36923 287.04348 1.1875
87.38433 229.60336 1.86203
32.24908 296.43492 1.86521
152.32423 159.03762 1.28755
147.8316 128.76476 1.74484
206.33821 166.00556 1.60877
235.63271 100.18791 1.60476
175.29636 126.50916 1.61409
78.26887 260.05664 1.43636
17.32406 251.97512 1.95437
8.66512 192.38768 1.69685
232.02427 114.56677 1.42598
271.63084 289.97843 1.63731
209.91007 189.08763 1.63842
140.21301 187.32302 1.56765
43.92388 172.84319 1.01855
100.77668 210.91123 1.83746
10.71834 244.63044 1.95103
96.85869 91.60216 1.13558
108.87011 205.94271 1.93021
32.41979 249.74255 1.02178
167.44125 217.63869 1.82035
54.8825 245.06713 1.00206
4.92491 269.45683 1.03182
45.80607 213.86649 1.05928
282.11228 124.88336 1.22018
131.38022 104.31668 1.9879
257.49866 290.90677 1.58776
47.32296 297.14289 1.43134
31.4685 95.99171 1.75449
209.05419 291.61486 1.68025
152.05374 162.97711 1.00714
208.56844 84.76746 1.71905
35.2842 154.71912 1.6429
32.12641 216.53927 1.67979
110.0036 291.95252 1.07466
40.65254 221.861 1.45668
182.09786 292.50748 1.25405
124.20793 77.80648 1.21483
23.15868 179.79703 1.52678
254.6713 214.71846 1.24077
243.1411 222.74146 1.81061
210.61551 160.42245 1.29422
256.29221 231.52684 1.23172
281.96907 266.95228 1.94421
209.05049 267.50418 1.72888
188.73592 182.31792 1.46817
142.5029 154.02766 1.57127
219.04569 210.87773 1.32857
101.01857 242.88672 1.03277
144.43277 239.85527 1.378
182.39655 88.88857 1.0053
204.6801 234.95734 1.56268
197.36003 79.71819 1.33515
235.68351 118.03131 1.30814
233.75729 250.32355 1.15184
167.53999 167.2886 1.91522
210.89262 77.89852 1.70831
23.07188 221.56026 1.98215
280.74693 183.97369 1.45415
292.21536 251.12062 1.10619
194.57956 135.81002 1.52459
263.23783 295.91109 1.89656
260.61648 102.74741 1.64833
250.42852 121.36279 1.52574
5.87799 288.75704 1.38189
15.19344 179.82682 1.92102
75.49397 219.53729 1.00759
61.80241 106.47574 1.55231
2.195 176.48153 1.61618
32.68378 206.63854 1.86545
159.41466 224.55754 1.78976
198.96055 153.75023 1.59955
3.41596 117.24003 1.85059
176.56516 277.97379 1.28312
27.12779 204.10232 1.20423
277.68902 95.41778 1.77326
277.86324 197.52837 1.83797
160.20214 140.43871 1.46775
182.74592 106.04035 1.44728
235.88452 89.31681 1.75624
122.75906 210.11801 1.21993
59.24033 122.69213 1.19533
258.38674 213.36133 1.5426
29.39236 196.95008 1.93688
8.7717 156.5685 1.96355
262.47556 140.96499 1.00452
207.81848 260.16667 1.12215
146.67498 107.53025 1.7576
154.78412 117.50464 1.54853
270.55869 146.97025 1.45187
44.50303 204.42255 1.53956
58.85477 160.69579 1.68095
106.4315 98.68943 1.36111
49.49545 282.84394 1.35492
85.20287 78.6852 1.06354
280.40732 155.04861 1.17471
111.16541 247.60482 1.42591
75.70854 170.26967 1.76999
202.7286 83.24422 1.78813
294.60455 87.69924 1.16853
3.6589 107.96256 1.63204
248.6897 209.46388 1.4989
136.17319 175.71559 1.94296
54.68883 114.55629 1.40808
241.78316 226.74819 1.04059
53.2171 81.10695 1.21252
67.58046 200.61017 1.04179
235.73095 238.66878 1.96763
216.66096 112.55317 1.34687
47.06665 134.07066 1.23563
288.54095 100.79826 1.1648
166.93229 229.33906 1.25315
277.20798 151.39976 1.6835
200.03999 287.99827 1.60612
282.82451 157.60967 1.12944
272.20433 211.15648 1.05021
3.18705 135.70296 1.08289
258.35985 129.98276 1.83041
225.31043 84.05819 1.90884
126.93227 81.73842 1.0923
89.90239 261.93135 1.08917
Switches 2
0 0
180 0
Grounds 300
-0.5 -0.5 -0.5 0.5 0.5 -0.5 0.5 0.5
0.5 -0.5 0.5 0.5 1.5 -0.5 1.5 0.5
1.5 -0.5 1.5 0.5 2.5 -0.5 2.5 0.5
2.5 -0.5 2.5 0.5 3.5 -0.5 3.5 0.5
3.5 -0.5 3.5 0.5 4.5 -0.5 4.5 0.5
4.5 -0.5 4.5 0.5 5.5 -0.5 5.5 0.5
5.5 -0.5 5.5 0.5 6.5 -0.5 6.5 0.5
6.5 -0.5 6.5 0.5 7.5 -0.5 7.5 0.5
7.5 -0.5 7.5 0.5 8.5 -0.5 8.5 0.5
8.5 -0.5 8.5 0.5 9.5 -0.5 9.5 0.5
9.5 -0.5 9.5 0.5 10.5 -0.5 10.5 0.5
10.5 -0.5 10.5 0.5 11.5 -0.5 11.5 0.5
11.5 -0.5 11.5 0.5 12.5 -0.5 12.5 0.5
12.5 -0.5 12.5 0.5 13.5 -0.5 13.5 0.5
13.5 -0.5 13.5 0.5 14.5 -0.5 14.5 0.5
14.5 -0.5 14.5 0.5 15.5 -0.5 15.5 0.5
15.5 -0.5 15.5 0.5 16.5 -0.5 16.5 0.5
16.5 -0.5 16.5 0.5 17.5 -0.5 17.5 0.5
17.5 -0.5 17.5 0.5 18.5 -0.5 18.5 0.5
18.5 -0.5 18.5 0.5 19.5 -0.5 19.5 0.5
19.5 -0.5 19.5 0.5 20.5 -0.5 20.5 0.5
20.5 -0.5 20.5 0.5 21.5 -0.5 21.5 0.5
21.5 -0.5 21.5 0.5 22.5 -0.5 22.5 0.5
22.5 -0.5 22.5 0.5 23.5 -0.5 23.5 0.5
23.5 -0.5 23.5 0.5 24.5 -0.5 24.5 0.5
24.5 -0.5 24.5 0.5 25.5 -0.5 25.5 0.5
25.5 -0.5 25.5 0.5 26.5 -0.5 26.5 0.5
26.5 -0.5 26.5 0.5 27.5 -0.5 27.5 0.5
27.5 -0.5 27.5 0.5 28.5 -0.5 28.5 0.5
28.5 -0.5 28.5 0.5 29.5 -0.5 29.5 0.5
29.5 -0.5 29.5 0.5 30.5 -0.5 30.5 0.5
30.5 -0.5 30.5 0.5 31.5 -0.5 31.5 0.5
31.5 -0.5 31.5 0.5 32.5 -0.5 32.5 0.5
32.5 -0.5 32.5 0.5 33.5 -0.5 33.5 0.5
33.5 -0.5 33.5 0.5 34.5 -0.5 34.5 0.5
34.5 -0.5 34.5 0.5 35.5 -0.5 35.5 0.5
35.5 -0.5 35.5 0.5 36.5 -0.5 36.5 0.5
36.5 -0.5 36.5 0.5 37.5 -0.5 37.5 0.5
37.5 -0.5 37.5 0.5 38.5 -0.5 38.5 0.5
38.5 -0.5 38.5 0.5 39.5 -0.5 39.5 0.5
39.5 -0.5 39.5 0.5 40.5 -0.5 40.5 0.5
40.5 -0.5 40.5 0.5 41.5 -0.5 41.5 0.5
41.5 -0.5 41.5 0.5 42.5 -0.5 42.5 0.5
42.5 -0.5 42.5 0.5 43.5 -0.5 43.5 0.5
43.5 -0.5 43.5 0.5 44.5 -0.5 44.5 0.5
44.5 -0.5 44.5 0.5 45.5 -0.5 45.5 0.5
45.5 -0.5 45.5 0.5 46.5 -0.5 46.5 0.5
46.5 -0.5 46.5 0.5 47.5 -0.5 47.5 0.5
47.5 -0.5 47.5 0.5 48.5 -0.5 48.5 0.5
48.5 -0.5 48.5 0.5 49.5 -0.5 49.5 0.5
49.5 -0.5 49.5 0.5 50.5 -0.5 50.5 0.5
50.5 -0.5 50.5 0.5 51.5 -0.5 51.5 0.5
51.5 -0.5 51.5 0.5 52.5 -0.5 52.5 0.5
52.5 -0.5 52.5 0.5 53.5 -0.5 53.5 0.5
53.5 -0.5 53.5 0.5 54.5 -0.5 54.5 0.5
54.5 -0.5 54.5 0.5 55.5 -0.5 55.5 0.5
55.5 -0.5 55.5 0.5 56.5 -0.5 56.5 0.5
56.5 -0.5 56.5 0.5 57.5 -0.5 57.5 0.5
57.5 -0.5 57.5 0.5 58.5 -0.5 58.5 0.5
58.5 -0.5 58.5 0.5 59.5 -0.5 59.5 0.5
59.5 -0.5 59.5 0.5 60.5 -0.5 60.5 0.5
60.5 -0.5 60.5 0.5 61.5 -0.5 61.5 0.5
61.5 -0.5 61.5 0.5 62.5 -0.5 62.5 0.5
62.5 -0.5 62.5 0.5 63.5 -0.5 63.5 0.5
63.5 -0.5 63.5 0.5 64.5 -0.5 64.5 0.5
64.5 -0.5 64.5 0.5 65.5 -0.5 65.5 0.5
65.5 -0.5 65.5 0.5 66.5 -0.5 66.5 0.5
66.5 -0.5 66.5 0.5 67.5 -0.5 67.5 0.5
67.5 -0.5 67.5 0.5 68.5 -0.5 68.5 0.5
68.5 -0.5 68.5 0.5 69.5 -0.5 69.5 0.5
69.5 -0.5 69.5 0.5 70.5 -0.5 70.5 0.5
70.5 -0.5 70.5 0.5 71.5 -0.5 71.5 0.5
71.5 -0.5 71.5 0.5 72.5 -0.5 72.5 0.5
72.5 -0.5 72.5 0.5 73.5 -0.5 73.5 0.5
73.5 -0.5 73.5 0.5 74.5 -0.5 74.5 0.5
74.5 -0.5 74.5 0.5 75.5 -0.5 75.5 0.5
75.5 -0.5 75.5 0.5 76.5 -0.5 76.5 0.5
76.5 -0.5 76.5 0.5 77.5 -0.5 77.5 0.5
77.5 -0.5 77.5 0.5 78.5 -0.5 78.5 0.5
78.5 -0.5 78.5 0.5 79.5 -0.5 79.5 0.5
79.5 -0.5 79.5 0.5 80.5 -0.5 80.5 0.5
80.5 -0.5 80.5 0.5 81.5 -0.5 81.5 0.5
81.5 -0.5 81.5 0.5 82.5 -0.5 82.5 0.5
82.5 -0.5 82.5 0.5 83.5 -0.5 83.5 0.5
83.5 -0.5 83.5 0.5 84.5 -0.5 84.5 0.5
84.5 -0.5 84.5 0.5 85.5 -0.5 85.5 0.5
85.5 -0.5 85.5 0.5 86.5 -0.5 86.5 0.5
86.5 -0.5 86.5 0.5 87.5 -0.5 87.5 0.5
87.5 -0.5 87.5 0.5 88.5 -0.5 88.5 0.5
88.5 -0.5 88.5 0.5 89.5 -0.5 89.5 0.5
89.5 -0.5 89.5 0.5 90.5 -0.5 90.5 0.5
90.5 -0.5 90.5 0.5 91.5 -0.5 91.5 0.5
91.5 -0.5 91.5 0.5 92.5 -0.5 92.5 0.5
92.5 -0.5 92.5 0.5 93.5 -0.5 93.5 0.5
93.5 -0.5 93.5 0.5 94.5 -0.5 94.5 0.5
94.5 -0.5 94.5 0.5 95.5 -0.5 95.5 0.5
95.5 -0.5 95.5 0.5 96.5 -0.5 96.5 0.5
96.5 -0.5 96.5 0.5 97.5 -0.5 97.5 0.5
97.5 -0.5 97.5 0.5 98.5 -0.5 98.5 0.5
98.5 -0.5 98.5 0.5 99.5 -0.5 99.5 0.5
99.5 -0.5 99.5 0.5 100.5 -0.5 100.5 0.5
100.5 -0.5 100.5 0.5 101.5 -0.5 101.5 0.5
101.5 -0.5 101.5 0.5 102.5 -0.5 102.5 0.5
102.5 -0.5 102.5 0.5 103.5 -0.5 103.5 0.5
103.5 -0.5 103.5 0.5 104.5 -0.5 104.5 0.5
104.5 -0.5 104.5 0.5 105.5 -0.5 105.5 0.5
105.5 -0.5 105.5 0.5 106.5 -0.5 106.5 0.5
106.5 -0.5 106.5 0.5 107.5 -0.5 107.5 0.5
107.5 -0.5 107.5 0.5 108.5 -0.5 108.5 0.5
108.5 -0.5 108.5 0.5 109.5 -0.5 109.5 0.5
109.5 -0.5 109.5 0.5 110.5 -0.5 110.5 0.5
110.5 -0.5 110.5 0.5 111.5 -0.5 111.5 0.5
111.5 -0.5 111.5 0.5 112.5 -0.5 112.5 0.5
112.5 -0.5 112.5 0.5 113.5 -0.5 113.5 0.5
113.5 -0.5 113.5 0.5 114.5 -0.5 114.5 0.5
114.5 -0.5 114.5 0.5 115.5 -0.5 115.5 0.5
115.5 -0.5 115.5 0.5 116.5 -0.5 116.5 0.5
116.5 -0.5 116.5 0.5 117.5 -0.5 117.5 0.5
117.5 -0.5 117.5 0.5 118.5 -0.5 118.5 0.5
118.5 -0.5 118.5 0.5 119.5 -0.5 119.5 0.5
119.5 -0.5 119.5 0.5 120.5 -0.5 120.5 0.5
120.5 -0.5 120.5 0.5 121.5 -0.5 121.5 0.5
121.5 -0.5 121.5 0.5 122.5 -0.5 122.5 0.5
122.5 -0.5 122.5 0.5 123.5 -0.5 123.5 0.5
123.5 -0.5 123.5 0.5 124.5 -0.5 124.5 0.5
124.5 -0.5 124.5 0.5 125.5 -0.5 125.5 0.5
125.5 -0.5 125.5 0.5 126.5 -0.5 126.5 0.5
126.5 -0.5 126.5 0.5 127.5 -0.5 127.5 0.5
127.5 -0.5 127.5 0.5 128.5 -0.5 128.5 0.5
128.5 -0.5 128.5 0.5 129.5 -0.5 129.5 0.5
129.5 -0.5 129.5 0.5 130.5 -0.5 130.5 0.5
130.5 -0.5 130.5 0.5 131.5 -0.5 131.5 0.5
131.5 -0.5 131.5 0.5 132.5 -0.5 132.5 0.5
132.5 -0.5 132.5 0.5 133.5 -0.5 133.5 0.5
133.5 -0.5 133.5 0.5 134.5 -0.5 134.5 0.5
134.5 -0.5 134.5 0.5 135.5 -0.5 135.5 0.5
135.5 -0.5 135.5 0.5 136.5 -0.5 136.5 0.5
136.5 -0.5 136.5 0.5 137.5 -0.5 137.5 0.5
137.5 -0.5 137.5 0.5 138.5 -0.5 138.5 0.5
138.5 -0.5 138.5 0.5 139.5 -0.5 139.5 0.5
139.5 -0.5 139.5 0.5 140.5 -0.5 140.5 0.5
140.5 -0.5 140.5 0.5 141.5 -0.5 141.5 0.5
141.5 -0.5 141.5 0.5 142.5 -0.5 142.5 0.5
142.5 -0.5 142.5 0.5 143.5 -0.5 143.5 0.5
143.5 -0.5 143.5 0.5 144.5 -0.5 144.5 0.5
144.5 -0.5 144.5 0.5 145.5 -0.5 145.5 0.5
145.5 -0.5 145.5 0.5 146.5 -0.5 146.5 0.5
146.5 -0.5 146.5 0.5 147.5 -0.5 147.5 0.5
147.5 -0.5 147.5 0.5 148.5 -0.5 148.5 0.5
148.5 -0.5 148.5 0.5 149.5 -0.5 149.5 0.5
149.5 -0.5 149.5 0.5 150.5 -0.5 150.5 0.5
150.5 -0.5 150.5 0.5 151.5 -0.5 151.5 0.5
151.5 -0.5 151.5 0.5 152.5 -0.5 152.5 0.5
152.5 -0.5 152.5 0.5 153.5 -0.5 153.5 0.5
153.5 -0.5 153.5 0.5 154.5 -0.5 154.5 0.5
154.5 -0.5 154.5 0.5 155.5 -0.5 155.5 0.5
155.5 -0.5 155.5 0.5 156.5 -0.5 156.5 0.5
156.5 -0.5 156.5 0.5 157.5 -0.5 157.5 0.5
157.5 -0.5 157.5 0.5 158.5 -0.5 158.5 0.5
158.5 -0.5 158.5 0.5 159.5 -0.5 159.5 0.5
159.5 -0.5 159.5 0.5 160.5 -0.5 160.5 0.5
160.5 -0.5 160.5 0.5 161.5 -0.5 161.5 0.5
161.5 -0.5 161.5 0.5 162.5 -0.5 162.5 0.5
162.5 -0.5 162.5 0.5 163.5 -0.5 163.5 0.5
163.5 -0.5 163.5 0.5 164.5 -0.5 164.5 0.5
164.5 -0.5 164.5 0.5 165.5 -0.5 165.5 0.5
165.5 -0.5 165.5 0.5 166.5 -0.5 166.5 0.5
166.5 -0.5 166.5 0.5 167.5 -0.5 167.5 0.5
167.5 -0.5 167.5 0.5 168.5 -0.5 168.5 0.5
168.5 -0.5 168.5 0.5 169.5 -0.5 169.5 0.5
169.5 -0.5 169.5 0.5 170.5 -0.5 170.5 0.5
170.5 -0.5 170.5 0.5 171.5 -0.5 171.5 0.5
171.5 -0.5 171.5 0.5 172.5 -0.5 172.5 0.5
172.5 -0.5 172.5 0.5 173.5 -0.5 173.5 0.5
173.5 -0.5 173.5 0.5 174.5 -0.5 174.5 0.5
174.5 -0.5 174.5 0.5 175.5 -0.5 175.5 0.5
175.5 -0.5 175.5 0.5 176.5 -0.5 176.5 0.5
176.5 -0.5 176.5 0.5 177.5 -0.5 177.5 0.5
177.5 -0.5 177.5 0.5 178.5 -0.5 178.5 0.5
178.5 -0.5 178.5 0.5 179.5 -0.5 179.5 0.5
179.5 -0.5 179.5 0.5 180.5 -0.5 180.5 0.5
180.5 -0.5 180.5 0.5 181.5 -0.5 181.5 0.5
181.5 -0.5 181.5 0.5 182.5 -0.5 182.5 0.5
182.5 -0.5 182.5 0.5 183.5 -0.5 183.5 0.5
183.5 -0.5 183.5 0.5 184.5 -0.5 184.5 0.5
184.5 -0.5 184.5 0.5 185.5 -0.5 185.5 0.5
185.5 -0.5 185.5 0.5 186.5 -0.5 186.5 0.5
186.5 -0.5 186.5 0.5 187.5 -0.5 187.5 0.5
187.5 -0.5 187.5 0.5 188.5 -0.5 188.5 0.5
188.5 -0.5 188.5 0.5 189.5 -0.5 189.5 0.5
189.5 -0.5 189.5 0.5 190.5 -0.5 190.5 0.5
190.5 -0.5 190.5 0.5 191.5 -0.5 191.5 0.5
191.5 -0.5 191.5 0.5 192.5 -0.5 192.5 0.5
192.5 -0.5 192.5 0.5 193.5 -0.5 193.5 0.5
193.5 -0.5 193.5 0.5 194.5 -0.5 194.5 0.5
194.5 -0.5 194.5 0.5 195.5 -0.5 195.5 0.5
195.5 -0.5 195.5 0.5 196.5 -0.5 196.5 0.5
196.5 -0.5 196.5 0.5 197.5 -0.5 197.5 0.5
197.5 -0.5 197.5 0.5 198.5 -0.5 198.5 0.5
198.5 -0.5 198.5 0.5 199.5 -0.5 199.5 0.5
199.5 -0.5 199.5 0.5 200.5 -0.5 200.5 0.5
200.5 -0.5 200.5 0.5 201.5 -0.5 201.5 0.5
201.5 -0.5 201.5 0.5 202.5 -0.5 202.5 0.5
202.5 -0.5 202.5 0.5 203.5 -0.5 203.5 0.5
203.5 -0.5 203.5 0.5 204.5 -0.5 204.5 0.5
204.5 -0.5 204.5 0.5 205.5 -0.5 205.5 0.5
205.5 -0.5 205.5 0.5 206.5 -0.5 206.5 0.5
206.5 -0.5 206.5 0.5 207.5 -0.5 207.5 0.5
207.5 -0.5 207.5 0.5 208.5 -0.5 208.5 0.5
208.5 -0.5 208.5 0.5 209.5 -0.5 209.5 0.5
209.5 -0.5 209.5 0.5 210.5 -0.5 210.5 0.5
210.5 -0.5 210.5 0.5 211.5 -0.5 211.5 0.5
211.5 -0.5 211.5 0.5 212.5 -0.5 212.5 0.5
212.5 -0.5 212.5 0.5 213.5 -0.5 213.5 0.5
213.5 -0.5 213.5 0.5 214.5 -0.5 214.5 0.5
214.5 -0.5 214.5 0.5 215.5 -0.5 215.5 0.5
215.5 -0.5 215.5 0.5 216.5 -0.5 216.5 0.5
216.5 -0.5 216.5 0.5 217.5 -0.5 217.5 0.5
217.5 -0.5 217.5 0.5 218.5 -0.5 218.5 0.5
218.5 -0.5 218.5 0.5 219.5 -0.5 219.5 0.5
219.5 -0.5 219.5 0.5 220.5 -0.5 220.5 0.5
220.5 -0.5 220.5 0.5 221.5 -0.5 221.5 0.5
221.5 -0.5 221.5 0.5 222.5 -0.5 222.5 0.5
222.5 -0.5 222.5 0.5 223.5 -0.5 223.5 0.5
223.5 -0.5 223.5 0.5 224.5 -0.5 224.5 0.5
224.5 -0.5 224.5 0.5 225.5 -0.5 225.5 0.5
225.5 -0.5 225.5 0.5 226.5 -0.5 226.5 0.5
226.5 -0.5 226.5 0.5 227.5 -0.5 227.5 0.5
227.5 -0.5 227.5 0.5 228.5 -0.5 228.5 0.5
228.5 -0.5 228.5 0.5 229.5 -0.5 229.5 0.5
229.5 -0.5 229.5 0.5 230.5 -0.5 230.5 0.5
230.5 -0.5 230.5 0.5 231.5 -0.5 231.5 0.5
231.5 -0.5 231.5 0.5 232.5 -0.5 232.5 0.5
232.5 -0.5 232.5 0.5 233.5 -0.5 233.5 0.5
233.5 -0.5 233.5 0.5 234.5 -0.5 234.5 0.5
234.5 -0.5 234.5 0.5 235.5 -0.5 235.5 0.5
235.5 -0.5 235.5 0.5 236.5 -0.5 236.5 0.5
236.5 -0.5 236.5 0.5 237.5 -0.5 237.5 0.5
237.5 -0.5 237.5 0.5 238.5 -0.5 238.5 0.5
238.5 -0.5 238.5 0.5 239.5 -0.5 239.5 0.5
239.5 -0.5 239.5 0.5 240.5 -0.5 240.5 0.5
240.5 -0.5 240.5 0.5 241.5 -0.5 241.5 0.5
241.5 -0.5 241.5 0.5 242.5 -0.5 242.5 0.5
242.5 -0.5 242.5 0.5 243.5 -0.5 243.5 0.5
243.5 -0.5 243.5 0.5 244.5 -0.5 244.5 0.5
244.5 -0.5 244.5 0.5 245.5 -0.5 245.5 0.5
245.5 -0.5 245.5 0.5 246.5 -0.5 246.5 0.5
246.5 -0.5 246.5 0.5 247.5 -0.5 247.5 0.5
247.5 -0.5 247.5 0.5 248.5 -0.5 248.5 0.5
248.5 -0.5 248.5 0.5 249.5 -0.5 249.5 0.5
249.5 -0.5 249.5 0.5 250.5 -0.5 250.5 0.5
250.5 -0.5 250.5 0.5 251.5 -0.5 251.5 0.5
251.5 -0.5 251.5 0.5 252.5 -0.5 252.5 0.5
252.5 -0.5 252.5 0.5 253.5 -0.5 253.5 0.5
253.5 -0.5 253.5 0.5 254.5 -0.5 254.5 0.5
254.5 -0.5 254.5 0.5 255.5 -0.5 255.5 0.5
255.5 -0.5 255.5 0.5 256.5 -0.5 256.5 0.5
256.5 -0.5 256.5 0.5 257.5 -0.5 257.5 0.5
257.5 -0.5 257.5 0.5 258.5 -0.5 258.5 0.5
258.5 -0.5 258.5 0.5 259.5 -0.5 259.5 0.5
259.5 -0.5 259.5 0.5 260.5 -0.5 260.5 0.5
260.5 -0.5 260.5 0.5 261.5 -0.5 261.5 0.5
261.5 -0.5 261.5 0.5 262.5 -0.5 262.5 0.5
262.5 -0.5 262.5 0.5 263.5 -0.5 263.5 0.5
263.5 -0.5 263.5 0.5 264.5 -0.5 264.5 0.5
264.5 -0.5 264.5 0.5 265.5 -0.5 265.5 0.5
265.5 -0.5 265.5 0.5 266.5 -0.5 266.5 0.5
266.5 -0.5 266.5 0.5 267.5 -0.5 267.5 0.5
267.5 -0.5 267.5 0.5 268.5 -0.5 268.5 0.5
268.5 -0.5 268.5 0.5 269.5 -0.5 269.5 0.5
269.5 -0.5 269.5 0.5 270.5 -0.5 270.5 0.5
270.5 -0.5 270.5 0.5 271.5 -0.5 271.5 0.5
271.5 -0.5 271.5 0.5 272.5 -0.5 272.5 0.5
272.5 -0.5 272.5 0.5 273.5 -0.5 273.5 0.5
273.5 -0.5 273.5 0.5 274.5 -0.5 274.5 0.5
274.5 -0.5 274.5 0.5 275.5 -0.5 275.5 0.5
275.5 -0.5 275.5 0.5 276.5 -0.5 276.5 0.5
276.5 -0.5 276.5 0.5 277.5 -0.5 277.5 0.5
277.5 -0.5 277.5 0.5 278.5 -0.5 278.5 0.5
278.5 -0.5 278.5 0.5 279.5 -0.5 279.5 0.5
279.5 -0.5 279.5 0.5 280.5 -0.5 280.5 0.5
280.5 -0.5 280.5 0.5 281.5 -0.5 281.5 0.5
281.5 -0.5 281.5 0.5 282.5 -0.5 282.5 0.5
282.5 -0.5 282.5 0.5 283.5 -0.5 283.5 0.5
283.5 -0.5 283.5 0.5 284.5 -0.5 284.5 0.5
284.5 -0.5 284.5 0.5 285.5 -0.5 285.5 0.5
285.5 -0.5 285.5 0.5 286.5 -0.5 286.5 0.5
286.5 -0.5 286.5 0.5 287.5 -0.5 287.5 0.5
287.5 -0.5 287.5 0.5 288.5 -0.5 288.5 0.5
288.5 -0.5 288.5 0.5 289.5 -0.5 289.5 0.5
289.5 -0.5 289.5 0.5 290.5 -0.5 290.5 0.5
290.5 -0.5 290.5 0.5 291.5 -0.5 291.5 0.5
291.5 -0.5 291.5 0.5 292.5 -0.5 292.5 0.5
292.5 -0.5 292.5 0.5 293.5 -0.5 293.5 0.5
293.5 -0.5 293.5 0.5 294.5 -0.5 294.5 0.5
294.5 -0.5 294.5 0.5 295.5 -0.5 295.5 0.5
295.5 -0.5 295.5 0.5 296.5 -0.5 296.5 0.5
296.5 -0.5 296.5 0.5 297.5 -0.5 297.5 0.5
297.5 -0.5 297.5 0.5 298.5 -0.5 298.5 0.5
298.5 -0.5 298.5 0.5 299.5 -0.5 299.5 0.5