Landmarks 0
Trees 100
115.03948 45.18827 2.87444
24.85264 36.19023 1.98867
286.56728 81.39682 2.31466
273.55515 54.91143 2.8863
215.80679 76.12949 1.60493
171.32734 79.98106 1.50934
222.95127 62.7475 2.27126
218.08008 60.70384 1.94373
167.47191 35.19318 2.11912
36.99562 42.28356 2.00515
263.43179 43.32143 1.72825
172.08906 44.10202 2.35239
214.78915 33.44025 1.77705
194.58821 81.88791 1.68645
146.31413 53.53931 2.87271
71.4875 82.76327 1.70016
182.81348 52.63223 2.5316
73.38172 75.14424 2.4578
37.40996 59.43489 1.69407
35.36654 49.03534 2.07383
232.60168 53.44604 1.96807
60.05714 51.42692 1.88611
108.23273 67.95648 2.74947
83.5786 50.95019 1.59532
217.84737 72.10757 2.59355
213.50516 54.9766 2.57118
180.89857 45.4063 2.18918
218.97582 80.39178 2.14597
8.55211 64.09131 2.24376
16.19058 78.16467 1.7857
8.17314 72.43454 1.61683
26.18097 58.64546 1.75856
249.27484 64.78686 1.87923
137.58734 80.42736 2.06658
119.40454 78.70968 2.64431
30.74541 34.94851 1.76614
31.5242 59.66329 2.12435
19.10347 82.93405 2.18359
168.432 61.74819 1.74495
44.53052 50.18638 2.76373
287.59161 71.50246 2.34106
73.21001 42.70846 1.85042
27.46577 40.91625 2.84723
280.9787 73.38854 2.5433
230.56176 48.95992 2.22865
36.83887 81.88323 2.01186
94.88057 86.08426 2.28613
122.3326 45.15455 2.15891
267.98173 34.42457 2.66478
131.05419 84.84275 2.00566
137.09346 36.73427 1.76506
96.03845 47.82458 2.76102
87.55817 73.08351 2.77888
234.79348 68.66116 1.91086
275.37564 81.37769 1.55886
248.92688 68.90274 1.96888
85.67996 85.8227 2.11779
48.11262 40.48069 1.60332
26.52761 75.27223 2.53886
60.15436 80.34292 2.74043
247.78695 47.60397 2.29898
92.12393 58.28117 2.50623
133.86187 53.6062 2.84659
139.62978 53.3865 1.74268
108.24486 35.68494 2.65492
11.08287 83.21479 2.01593
175.17455 34.58878 2.71474
189.65788 37.69858 2.74515
148.97994 79.94622 2.12848
105.20189 73.97033 2.31521
223.16956 81.26405 1.51506
3.65049 48.46306 2.46992
209.40775 49.02047 1.67859
115.25488 85.75135 1.89344
46.90972 70.3207 2.68505
34.17 69.06883 2.49825
296.30343 76.23201 2.08112
161.02617 41.62694 1.64587
253.73319 67.52098 1.93691
286.24319 59.28249 2.11079
255.61138 73.94578 2.56843
96.18993 39.71051 1.67412
197.24115 61.21735 2.85484
184.2998 40.95809 1.57169
156.1556 65.04053 2.55623
267.10092 66.72071 2.08556
100.64664 84.83738 2.75133
79.41054 36.74658 1.65577
286.27082 44.33798 1.84516
31.96572 44.21075 1.95537
149.52027 49.26117 2.1115
61.65066 86.42082 1.65773
91.36154 33.862 1.66743
245.50748 59.42135 2.04323
138.15413 44.14495 2.10994
267.6388 77.08948 2.6233
138.36957 86.15383 2.98981
178.91976 76.3106 1.72114
80.41924 66.75658 2.73495
42.15488 79.8178 1.86049
Platforms 80
216.26826 -10 216.26826 10 219.8919 -10 219.8919 10
216.26826 0 216.26826 20 219.8919 0 219.8919 20
216.26826 10 216.26826 30 219.8919 10 219.8919 30
216.26826 20 216.26826 40 219.8919 20 219.8919 40
216.26826 30 216.26826 50 219.8919 30 219.8919 50
216.26826 40 216.26826 60 219.8919 40 219.8919 60
216.26826 50 216.26826 70 219.8919 50 219.8919 70
216.26826 60 216.26826 80 219.8919 60 219.8919 80
216.26826 70 216.26826 90 219.8919 70 219.8919 90
216.26826 80 216.26826 100 219.8919 80 219.8919 100
35.81292 -10 35.81292 10 39.007 -10 39.007 10
35.81292 0 35.81292 20 39.007 0 39.007 20
35.81292 10 35.81292 30 39.007 10 39.007 30
35.81292 20 35.81292 40 39.007 20 39.007 40
35.81292 30 35.81292 50 39.007 30 39.007 50
35.81292 40 35.81292 60 39.007 40 39.007 60
35.81292 50 35.81292 70 39.007 50 39.007 70
35.81292 60 35.81292 80 39.007 60 39.007 80
35.81292 70 35.81292 90 39.007 70 39.007 90
35.81292 80 35.81292 100 39.007 80 39.007 100
25.05947 -10 25.05947 10 27.30247 -10 27.30247 10
25.05947 0 25.05947 20 27.30247 0 27.30247 20
25.05947 10 25.05947 30 27.30247 10 27.30247 30
25.05947 20 25.05947 40 27.30247 20 27.30247 40
25.05947 30 25.05947 50 27.30247 30 27.30247 50
25.05947 40 25.05947 60 27.30247 40 27.30247 60
25.05947 50 25.05947 70 27.30247 50 27.30247 70
25.05947 60 25.05947 80 27.30247 60 27.30247 80
25.05947 70 25.05947 90 27.30247 70 27.30247 90
25.05947 80 25.05947 100 27.30247 80 27.30247 100
29.4267 -10 29.4267 10 33.6217 -10 33.6217 10
29.4267 0 29.4267 20 33.6217 0 33.6217 20
29.4267 10 29.4267 30 33.6217 10 33.6217 30
29.4267 20 29.4267 40 33.6217 20 33.6217 40
29.4267 30 29.4267 50 33.6217 30 33.6217 50
29.4267 40 29.4267 60 33.6217 40 33.6217 60
29.4267 50 29.4267 70 33.6217 50 33.6217 70
29.4267 60 29.4267 80 33.6217 60 33.6217 80
29.4267 70 29.4267 90 33.6217 70 33.6217 90
29.4267 80 29.4267 100 33.6217 80 33.6217 100
90.29997 -10 90.29997 10 93.94789 -10 93.94789 10
90.29997 0 90.29997 20 93.94789 0 93.94789 20
90.29997 10 90.29997 30 93.94789 10 93.94789 30
90.29997 20 90.29997 40 93.94789 20 93.94789 40
90.29997 30 90.29997 50 93.94789 30 93.94789 50
90.29997 40 90.29997 60 93.94789 40 93.94789 60
90.29997 50 90.29997 70 93.94789 50 93.94789 70
90.29997 60 90.29997 80 93.94789 60 93.94789 80
90.29997 70 90.29997 90 93.94789 70 93.94789 90
90.29997 80 90.29997 100 93.94789 80 93.94789 100
284.25809 -10 284.25809 10 288.22829 -10 288.22829 10
284.25809 0 284.25809 20 288.22829 0 288.22829 20
284.25809 10 284.25809 30 288.22829 10 288.22829 30
284.25809 20 284.25809 40 288.22829 20 288.22829 40
284.25809 30 284.25809 50 288.22829 30 288.22829 50
284.25809 40 284.25809 60 288.22829 40 288.22829 60
284.25809 50 284.25809 70 288.22829 50 288.22829 70
284.25809 60 284.25809 80 288.22829 60 288.22829 80
284.25809 70 284.25809 90 288.22829 70 288.22829 90
284.25809 80 284.25809 100 288.22829 80 288.22829 100
194.65887 -10 194.65887 10 199.82343 -10 199.82343 10
194.65887 0 194.65887 20 199.82343 0 199.82343 20
194.65887 10 194.65887 30 199.82343 10 199.82343 30
194.65887 20 194.65887 40 199.82343 20 199.82343 40
194.65887 30 194.65887 50 199.82343 30 199.82343 50
194.65887 40 194.65887 60 199.82343 40 199.82343 60
194.65887 50 194.65887 70 199.82343 50 199.82343 70
194.65887 60 194.65887 80 199.82343 60 199.82343 80
194.65887 70 194.65887 90 199.82343 70 199.82343 90
194.65887 80 194.65887 100 199.82343 80 199.82343 100
243.5479 -10 243.5479 10 247.46706 -10 247.46706 10
243.5479 0 243.5479 20 247.46706 0 247.46706 20
243.5479 10 243.5479 30 247.46706 10 247.46706 30
243.5479 20 243.5479 40 247.46706 20 247.46706 40
243.5479 30 243.5479 50 247.46706 30 247.46706 50
243.5479 40 243.5479 60 247.46706 40 247.46706 60
243.5479 50 243.5479 70 247.46706 50 247.46706 70
243.5479 60 243.5479 80 247.46706 60 247.46706 80
243.5479 70 243.5479 90 247.46706 70 247.46706 90
243.5479 80 243.5479 100 247.46706 80 247.46706 100
Branches 200
282.44287 102.46182 1.08851
89.18852 245.21461 1.62167
2.56403 243.33193 1.16587
67.08624 205.03238 1.26476
88.07927 223.62236 1.76471
157.03305 191.57589 1.76824
88.82132 237.44856 1.42538
147.70461 178.88441 1.94654
79.40102 148.69492 1.41439
149.46257 255.77157 1.00071
184.02366 201.93734 1.60939
290.02222 279.72574 1.6688
200.66255 105.27425 1.48766
97.77763 154.16174 1.30228
26.39222 119.99332 1.75975
18.94621 155.69898 1.17429
41.54579 80.45143 1.9402
157.16834 276.59106 1.21159
59.83183 253.59501 1.96111
147.44982 192.66723 1.57274
257.79309 136.40054 1.63152
42.11857 282.84922 1.48654
85.30629 99.01347 1.47486
113.67405 188.71108 1.33651
104.54857 250.93062 1.27588
50.69262 103.89992 1.34382
135.09486 254.33396 1.72247
230.75356 129.22428 1.79012
100.59616 248.82295 1.28197
183.21199 226.71668 1.33922
206.12461 176.31234 1.94739
213.63979 101.38885 1.21251
75.26672 172.77572 1.87821
167.88687 213.7254 1.25398
5.77627 122.58934 1.67841
282.64238 106.99937 1.07516
217.47766 128.76162 1.41652
83.58559 124.14211 1.54735
102.97854 220.0298 1.53744
56.26219 295.31045 1.98809
97.90713 222.11406 1.72338
272.13204 213.66506 1.63457
79.78037 258.56995 1.06436
284.67604 174.89519 1.74986
201.09417 180.95057 1.54323
236.28989 97.12634 1.30566
226.2714 286.29497 1.65444
210.05693 213.33609 1.58724
21.53132 286.05875 1.62037
4.01557 275.48368 1.12955
228.40849 144.87293 1.90418
250.50518 294.94116 1.07202
250.42749 227.3505 1.41207
71.7289 126.35361 1.84847
93.03528 281.14713 1.56963
124.26293 182.23117 1.4334
230.8107 239.45093 1.2357
212.31301 253.17299 1.40751
74.79285 214.21287 1.89639
126.2065 81.50439 1.12315
44.74361 251.78332 1.03709
213.97792 245.20537 1.05138
67.85816 253.76197 1.12903
99.90279 134.21678 1.45928
278.54943 294.17475 1.94794
42.49543 257.60165 1.57502
123.55684 207.27998 1.46711
191.87977 82.80334 1.80212
245.18327 294.06362 1.28213
162.50191 110.77278 1.46898
202.55166 267.17932 1.11631
210.86085 256.25656 1.59688
135.37455 122.75334 1.17084
289.66539 85.88 1.55318
201.9684 281.83106 1.50424
11.68964 143.79295 1.22938
174.22164 186.40956 1.49289
218.03961 199.57115 1.81967
34.5608 212.74086 1.19457
114.39887 123.56034 1.3145
30.96459 174.95503 1.82127
40.90115 199.85556 1.4048
104.09805 186.08356 1.02248
158.24094 225.92013 1.97373
118.23277 187.00247 1.32853
88.34632 259.54938 1.94733
143.00413 277.09523 1.60174
176.84918 87.9367 1.36195
156.35019 242.2264 1.84566
76.86199 100.69356 1.65476
264.75096 188.4242 1.6374
243.28078 85.87976 1.90163
275.30345 247.44209 1.5941
153.12198 293.91045 1.12948
5.09249 249.33044 1.67777
231.52258 260.36681 1.05899
154.2062 135.19865 1.40651
199.60773 231.06105 1.25958
88.47274 96.53815 1.99231
167.07236 140.34082 1.98916
88.07659 182.30252 1.39043
112.8392 173.22315 1.50573
151.95208 176.35562 1.51618
279.66611 79.36035 1.31635
109.3306 236.16745 1.32867
273.54989 130.8932 1.75213
110.31129 190.82447 1.57759
152.27382 182.78507 1.8015
242.88907 94.71492 1.71893
248.12462 152.61914 1.16785
104.55791 112.22566 1.44828
139.34414 100.12354 1.00078
225.66207 271.41313 1.68484
60.37432 111.63472 1.0797
228.60057 293.09245 1.82989
188.93939 90.41844 1.19332
22.40201 261.52976 1.79746
254.00189 245.96167 1.97124
122.65827 139.16534 1.29063
34.38131 163.48261 1.86547
184.74508 269.67887 1.62043
234.77711 207.50184 1.15668
129.37527 235.89245 1.31571
33.18267 153.06595 1.14176
211.77424 97.60195 1.66415
58.80753 205.34028 1.05423
108.05457 280.86829 1.35364
128.68897 291.87989 1.47762
242.98125 213.92047 1.78367
10.31441 207.48167 1.78268
292.20039 96.51562 1.31463
46.04179 171.24264 1.32196
278.75405 108.28029 1.95722
281.6433 126.96279 1.48944
180.03829 131.83441 1.09904
49.77202 199.9217 1.72279
248.75276 246.9428 1.00436
247.30627 267.35007 1.31156
95.28128 245.49302 1.82301
193.03551 92.12367 1.10532
202.85381 142.88072 1.10081
247.14579 192.58118 1.13218
136.63419 266.26735 1.00417
87.63011 248.63123 1.39851
254.05906 114.90604 1.64948
257.33712 176.85803 1.07997
25.41528 234.42468 1.58772
232.39122 185.51114 1.20856
266.5413 249.889 1.63534
149.33646 270.27012 1.75371
24.10282 218.71001 1.38722
105.5912 128.4062 1.12402
156.33076 164.55954 1.79684
99.33449 214.40389 1.86171
58.51994 77.35442 1.41562
29.91947 281.94911 1.97455
224.22596 180.28997 1.1955
297.9128 232.27327 1.41035
276.28389 111.25089 1.68872
47.89806 214.3589 1.39668
217.87696 207.1712 1.07493
116.86083 274.22984 1.60336
143.6909 260.95 1.90264
142.26915 126.07258 1.65921
185.73171 223.08115 1.28436
52.20081 220.28201 1.13016
100.87213 268.29326 1.81035
74.45542 266.01268 1.9482
264.6013 226.74753 1.29623
50.85035 265.34589 1.91364
220.46965 173.18395 1.35398
153.1598 233.46837 1.2798
82.24656 188.23167 1.96427
292.81377 244.23553 1.18685
213.05685 160.23298 1.5854
132.06487 134.08603 1.81414
103.8142 288.44118 1.66597
61.15972 215.64811 1.29022
182.69231 248.90822 1.54121
84.97864 262.07657 1.61059
112.99888 111.39275 1.81923
268.74959 166.76336 1.57507
292.54199 144.35561 1.85194
222.63357 109.66461 1.3758
146.99664 85.08975 1.2235
256.14554 239.73517 1.5392
9.84047 113.76301 1.96799
26.66174 197.05678 1.14342
83.4618 133.57299 1.98281
254.12369 209.58864 1.40708
226.47795 122.88459 1.78026
20.95398 176.91201 1.9388
188.2525 225.90776 1.61419
171.53491 105.9229 1.73493
178.07085 149.47769 1.70817
35.70962 148.05356 1.73462
146.37637 93.81537 1.83365
283.2949 239.16516 1.17611
235.80131 117.283 1.75923
147.46677 244.31238 1.86088
Switches 2
60 60
180 60
Grounds 300
-0.5 -0.5 -0.5 0.5 0.5 -0.5 0.5 0.5
0.5 -0.5 0.5 0.5 1.5 -0.5 1.5 0.5
1.5 -0.5 1.5 0.5 2.5 -0.5 2.5 0.5
2.5 -0.5 2.5 0.5 3.5 -0.5 3.5 0.5
3.5 -0.5 3.5 0.5 4.5 -0.5 4.5 0.5
4.5 -0.5 4.5 0.5 5.5 -0.5 5.5 0.5
5.5 -0.5 5.5 0.5 6.5 -0.5 6.5 0.5
6.5 -0.5 6.5 0.5 7.5 -0.5 7.5 0.5
7.5 -0.5 7.5 0.5 8.5 -0.5 8.5 0.5
8.5 -0.5 8.5 0.5 9.5 -0.5 9.5 0.5
9.5 -0.5 9.5 0.5 10.5 -0.5 10.5 0.5
10.5 -0.5 10.5 0.5 11.5 -0.5 11.5 0.5
11.5 -0.5 11.5 0.5 12.5 -0.5 12.5 0.5
12.5 -0.5 12.5 0.5 13.5 -0.5 13.5 0.5
13.5 -0.5 13.5 0.5 14.5 -0.5 14.5 0.5
14.5 -0.5 14.5 0.5 15.5 -0.5 15.5 0.5
15.5 -0.5 15.5 0.5 16.5 -0.5 16.5 0.5
16.5 -0.5 16.5 0.5 17.5 -0.5 17.5 0.5
17.5 -0.5 17.5 0.5 18.5 -0.5 18.5 0.5
18.5 -0.5 18.5 0.5 19.5 -0.5 19.5 0.5
19.5 -0.5 19.5 0.5 20.5 -0.5 20.5 0.5
20.5 -0.5 20.5 0.5 21.5 -0.5 21.5 0.5
21.5 -0.5 21.5 0.5 22.5 -0.5 22.5 0.5
22.5 -0.5 22.5 0.5 23.5 -0.5 23.5 0.5
23.5 -0.5 23.5 0.5 24.5 -0.5 24.5 0.5
24.5 -0.5 24.5 0.5 25.5 -0.5 25.5 0.5
25.5 -0.5 25.5 0.5 26.5 -0.5 26.5 0.5
26.5 -0.5 26.5 0.5 27.5 -0.5 27.5 0.5
27.5 -0.5 27.5 0.5 28.5 -0.5 28.5 0.5
28.5 -0.5 28.5 0.5 29.5 -0.5 29.5 0.5
29.5 -0.5 29.5 0.5 30.5 -0.5 30.5 0.5
30.5 -0.5 30.5 0.5 31.5 -0.5 31.5 0.5
31.5 -0.5 31.5 0.5 32.5 -0.5 32.5 0.5
32.5 -0.5 32.5 0.5 33.5 -0.5 33.5 0.5
33.5 -0.5 33.5 0.5 34.5 -0.5 34.5 0.5
34.5 -0.5 34.5 0.5 35.5 -0.5 35.5 0.5
35.5 -0.5 35.5 0.5 36.5 -0.5 36.5 0.5
36.5 -0.5 36.5 0.5 37.5 -0.5 37.5 0.5
37.5 -0.5 37.5 0.5 38.5 -0.5 38.5 0.5
38.5 -0.5 38.5 0.5 39.5 -0.5 39.5 0.5
39.5 -0.5 39.5 0.5 40.5 -0.5 40.5 0.5
40.5 -0.5 40.5 0.5 41.5 -0.5 41.5 0.5
41.5 -0.5 41.5 0.5 42.5 -0.5 42.5 0.5
42.5 -0.5 42.5 0.5 43.5 -0.5 43.5 0.5
43.5 -0.5 43.5 0.5 44.5 -0.5 44.5 0.5
44.5 -0.5 44.5 0.5 45.5 -0.5 45.5 0.5
45.5 -0.5 45.5 0.5 46.5 -0.5 46.5 0.5
46.5 -0.5 46.5 0.5 47.5 -0.5 47.5 0.5
47.5 -0.5 47.5 0.5 48.5 -0.5 48.5 0.5
48.5 -0.5 48.5 0.5 49.5 -0.5 49.5 0.5
49.5 -0.5 49.5 0.5 50.5 -0.5 50.5 0.5
50.5 -0.5 50.5 0.5 51.5 -0.5 51.5 0.5
51.5 -0.5 51.5 0.5 52.5 -0.5 52.5 0.5
52.5 -0.5 52.5 0.5 53.5 -0.5 53.5 0.5
53.5 -0.5 53.5 0.5 54.5 -0.5 54.5 0.5
54.5 -0.5 54.5 0.5 55.5 -0.5 55.5 0.5
55.5 -0.5 55.5 0.5 56.5 -0.5 56.5 0.5
56.5 -0.5 56.5 0.5 57.5 -0.5 57.5 0.5
57.5 -0.5 57.5 0.5 58.5 -0.5 58.5 0.5
58.5 -0.5 58.5 0.5 59.5 -0.5 59.5 0.5
59.5 -0.5 59.5 0.5 60.5 -0.5 60.5 0.5
60.5 -0.5 60.5 0.5 61.5 -0.5 61.5 0.5
61.5 -0.5 61.5 0.5 62.5 -0.5 62.5 0.5
62.5 -0.5 62.5 0.5 63.5 -0.5 63.5 0.5
63.5 -0.5 63.5 0.5 64.5 -0.5 64.5 0.5
64.5 -0.5 64.5 0.5 65.5 -0.5 65.5 0.5
65.5 -0.5 65.5 0.5 66.5 -0.5 66.5 0.5
66.5 -0.5 66.5 0.5 67.5 -0.5 67.5 0.5
67.5 -0.5 67.5 0.5 68.5 -0.5 68.5 0.5
68.5 -0.5 68.5 0.5 69.5 -0.5 69.5 0.5
69.5 -0.5 69.5 0.5 70.5 -0.5 70.5 0.5
70.5 -0.5 70.5 0.5 71.5 -0.5 71.5 0.5
71.5 -0.5 71.5 0.5 72.5 -0.5 72.5 0.5
72.5 -0.5 72.5 0.5 73.5 -0.5 73.5 0.5
73.5 -0.5 73.5 0.5 74.5 -0.5 74.5 0.5
74.5 -0.5 74.5 0.5 75.5 -0.5 75.5 0.5
75.5 -0.5 75.5 0.5 76.5 -0.5 76.5 0.5
76.5 -0.5 76.5 0.5 77.5 -0.5 77.5 0.5
77.5 -0.5 77.5 0.5 78.5 -0.5 78.5 0.5
78.5 -0.5 78.5 0.5 79.5 -0.5 79.5 0.5
79.5 -0.5 79.5 0.5 80.5 -0.5 80.5 0.5
80.5 -0.5 80.5 0.5 81.5 -0.5 81.5 0.5
81.5 -0.5 81.5 0.5 82.5 -0.5 82.5 0.5
82.5 -0.5 82.5 0.5 83.5 -0.5 83.5 0.5
83.5 -0.5 83.5 0.5 84.5 -0.5 84.5 0.5
84.5 -0.5 84.5 0.5 85.5 -0.5 85.5 0.5
85.5 -0.5 85.5 0.5 86.5 -0.5 86.5 0.5
86.5 -0.5 86.5 0.5 87.5 -0.5 87.5 0.5
87.5 -0.5 87.5 0.5 88.5 -0.5 88.5 0.5
88.5 -0.5 88.5 0.5 89.5 -0.5 89.5 0.5
89.5 -0.5 89.5 0.5 90.5 -0.5 90.5 0.5
90.5 -0.5 90.5 0.5 91.5 -0.5 91.5 0.5
91.5 -0.5 91.5 0.5 92.5 -0.5 92.5 0.5
92.5 -0.5 92.5 0.5 93.5 -0.5 93.5 0.5
93.5 -0.5 93.5 0.5 94.5 -0.5 94.5 0.5
94.5 -0.5 94.5 0.5 95.5 -0.5 95.5 0.5
95.5 -0.5 95.5 0.5 96.5 -0.5 96.5 0.5
96.5 -0.5 96.5 0.5 97.5 -0.5 97.5 0.5
97.5 -0.5 97.5 0.5 98.5 -0.5 98.5 0.5
98.5 -0.5 98.5 0.5 99.5 -0.5 99.5 0.5
99.5 -0.5 99.5 0.5 100.5 -0.5 100.5 0.5
100.5 -0.5 100.5 0.5 101.5 -0.5 101.5 0.5
101.5 -0.5 101.5 0.5 102.5 -0.5 102.5 0.5
102.5 -0.5 102.5 0.5 103.5 -0.5 103.5 0.5
103.5 -0.5 103.5 0.5 104.5 -0.5 104.5 0.5
104.5 -0.5 104.5 0.5 105.5 -0.5 105.5 0.5
105.5 -0.5 105.5 0.5 106.5 -0.5 106.5 0.5
106.5 -0.5 106.5 0.5 107.5 -0.5 107.5 0.5
107.5 -0.5 107.5 0.5 108.5 -0.5 108.5 0.5
108.5 -0.5 108.5 0.5 109.5 -0.5 109.5 0.5
109.5 -0.5 109.5 0.5 110.5 -0.5 110.5 0.5
110.5 -0.5 110.5 0.5 111.5 -0.5 111.5 0.5
111.5 -0.5 111.5 0.5 112.5 -0.5 112.5 0.5
112.5 -0.5 112.5 0.5 113.5 -0.5 113.5 0.5
113.5 -0.5 113.5 0.5 114.5 -0.5 114.5 0.5
114.5 -0.5 114.5 0.5 115.5 -0.5 115.5 0.5
115.5 -0.5 115.5 0.5 116.5 -0.5 116.5 0.5
116.5 -0.5 116.5 0.5 117.5 -0.5 117.5 0.5
117.5 -0.5 117.5 0.5 118.5 -0.5 118.5 0.5
118.5 -0.5 118.5 0.5 119.5 -0.5 119.5 0.5
119.5 -0.5 119.5 0.5 120.5 -0.5 120.5 0.5
120.5 -0.5 120.5 0.5 121.5 -0.5 121.5 0.5
121.5 -0.5 121.5 0.5 122.5 -0.5 122.5 0.5
122.5 -0.5 122.5 0.5 123.5 -0.5 123.5 0.5
123.5 -0.5 123.5 0.5 124.5 -0.5 124.5 0.5
124.5 -0.5 124.5 0.5 125.5 -0.5 125.5 0.5
125.5 -0.5 125.5 0.5 126.5 -0.5 126.5 0.5
126.5 -0.5 126.5 0.5 127.5 -0.5 127.5 0.5
127.5 -0.5 127.5 0.5 128.5 -0.5 128.5 0.5
128.5 -0.5 128.5 0.5 129.5 -0.5 129.5 0.5
129.5 -0.5 129.5 0.5 130.5 -0.5 130.5 0.5
130.5 -0.5 130.5 0.5 131.5 -0.5 131.5 0.5
131.5 -0.5 131.5 0.5 132.5 -0.5 132.5 0.5
132.5 -0.5 132.5 0.5 133.5 -0.5 133.5 0.5
133.5 -0.5 133.5 0.5 134.5 -0.5 134.5 0.5
134.5 -0.5 134.5 0.5 135.5 -0.5 135.5 0.5
135.5 -0.5 135.5 0.5 136.5 -0.5 136.5 0.5
136.5 -0.5 136.5 0.5 137.5 -0.5 137.5 0.5
137.5 -0.5 137.5 0.5 138.5 -0.5 138.5 0.5
138.5 -0.5 138.5 0.5 139.5 -0.5 139.5 0.5
139.5 -0.5 139.5 0.5 140.5 -0.5 140.5 0.5
140.5 -0.5 140.5 0.5 141.5 -0.5 141.5 0.5
141.5 -0.5 141.5 0.5 142.5 -0.5 142.5 0.5
142.5 -0.5 142.5 0.5 143.5 -0.5 143.5 0.5
143.5 -0.5 143.5 0.5 144.5 -0.5 144.5 0.5
144.5 -0.5 144.5 0.5 145.5 -0.5 145.5 0.5
145.5 -0.5 145.5 0.5 146.5 -0.5 146.5 0.5
146.5 -0.5 146.5 0.5 147.5 -0.5 147.5 0.5
147.5 -0.5 147.5 0.5 148.5 -0.5 148.5 0.5
148.5 -0.5 148.5 0.5 149.5 -0.5 149.5 0.5
149.5 -0.5 149.5 0.5 150.5 -0.5 150.5 0.5
150.5 -0.5 150.5 0.5 151.5 -0.5 151.5 0.5
151.5 -0.5 151.5 0.5 152.5 -0.5 152.5 0.5
152.5 -0.5 152.5 0.5 153.5 -0.5 153.5 0.5
153.5 -0.5 153.5 0.5 154.5 -0.5 154.5 0.5
154.5 -0.5 154.5 0.5 155.5 -0.5 155.5 0.5
155.5 -0.5 155.5 0.5 156.5 -0.5 156.5 0.5
156.5 -0.5 156.5 0.5 157.5 -0.5 157.5 0.5
157.5 -0.5 157.5 0.5 158.5 -0.5 158.5 0.5
158.5 -0.5 158.5 0.5 159.5 -0.5 159.5 0.5
159.5 -0.5 159.5 0.5 160.5 -0.5 160.5 0.5
160.5 -0.5 160.5 0.5 161.5 -0.5 161.5 0.5
161.5 -0.5 161.5 0.5 162.5 -0.5 162.5 0.5
162.5 -0.5 162.5 0.5 163.5 -0.5 163.5 0.5
163.5 -0.5 163.5 0.5 164.5 -0.5 164.5 0.5
164.5 -0.5 164.5 0.5 165.5 -0.5 165.5 0.5
165.5 -0.5 165.5 0.5 166.5 -0.5 166.5 0.5
166.5 -0.5 166.5 0.5 167.5 -0.5 167.5 0.5
167.5 -0.5 167.5 0.5 168.5 -0.5 168.5 0.5
168.5 -0.5 168.5 0.5 169.5 -0.5 169.5 0.5
169.5 -0.5 169.5 0.5 170.5 -0.5 170.5 0.5
170.5 -0.5 170.5 0.5 171.5 -0.5 171.5 0.5
171.5 -0.5 171.5 0.5 172.5 -0.5 172.5 0.5
172.5 -0.5 172.5 0.5 173.5 -0.5 173.5 0.5
173.5 -0.5 173.5 0.5 174.5 -0.5 174.5 0.5
174.5 -0.5 174.5 0.5 175.5 -0.5 175.5 0.5
175.5 -0.5 175.5 0.5 176.5 -0.5 176.5 0.5
176.5 -0.5 176.5 0.5 177.5 -0.5 177.5 0.5
177.5 -0.5 177.5 0.5 178.5 -0.5 178.5 0.5
178.5 -0.5 178.5 0.5 179.5 -0.5 179.5 0.5
179.5 -0.5 179.5 0.5 180.5 -0.5 180.5 0.5
180.5 -0.5 180.5 0.5 181.5 -0.5 181.5 0.5
181.5 -0.5 181.5 0.5 182.5 -0.5 182.5 0.5
182.5 -0.5 182.5 0.5 183.5 -0.5 183.5 0.5
183.5 -0.5 183.5 0.5 184.5 -0.5 184.5 0.5
184.5 -0.5 184.5 0.5 185.5 -0.5 185.5 0.5
185.5 -0.5 185.5 0.5 186.5 -0.5 186.5 0.5
186.5 -0.5 186.5 0.5 187.5 -0.5 187.5 0.5
187.5 -0.5 187.5 0.5 188.5 -0.5 188.5 0.5
188.5 -0.5 188.5 0.5 189.5 -0.5 189.5 0.5
189.5 -0.5 189.5 0.5 190.5 -0.5 190.5 0.5
190.5 -0.5 190.5 0.5 191.5 -0.5 191.5 0.5
191.5 -0.5 191.5 0.5 192.5 -0.5 192.5 0.5
192.5 -0.5 192.5 0.5 193.5 -0.5 193.5 0.5
193.5 -0.5 193.5 0.5 194.5 -0.5 194.5 0.5
194.5 -0.5 194.5 0.5 195.5 -0.5 195.5 0.5
195.5 -0.5 195.5 0.5 196.5 -0.5 196.5 0.5
196.5 -0.5 196.5 0.5 197.5 -0.5 197.5 0.5
197.5 -0.5 197.5 0.5 198.5 -0.5 198.5 0.5
198.5 -0.5 198.5 0.5 199.5 -0.5 199.5 0.5
199.5 -0.5 199.5 0.5 200.5 -0.5 200.5 0.5
200.5 -0.5 200.5 0.5 201.5 -0.5 201.5 0.5
201.5 -0.5 201.5 0.5 202.5 -0.5 202.5 0.5
202.5 -0.5 202.5 0.5 203.5 -0.5 203.5 0.5
203.5 -0.5 203.5 0.5 204.5 -0.5 204.5 0.5
204.5 -0.5 204.5 0.5 205.5 -0.5 205.5 0.5
205.5 -0.5 205.5 0.5 206.5 -0.5 206.5 0.5
206.5 -0.5 206.5 0.5 207.5 -0.5 207.5 0.5
207.5 -0.5 207.5 0.5 208.5 -0.5 208.5 0.5
208.5 -0.5 208.5 0.5 209.5 -0.5 209.5 0.5
209.5 -0.5 209.5 0.5 210.5 -0.5 210.5 0.5
210.5 -0.5 210.5 0.5 211.5 -0.5 211.5 0.5
211.5 -0.5 211.5 0.5 212.5 -0.5 212.5 0.5
212.5 -0.5 212.5 0.5 213.5 -0.5 213.5 0.5
213.5 -0.5 213.5 0.5 214.5 -0.5 214.5 0.5
214.5 -0.5 214.5 0.5 215.5 -0.5 215.5 0.5
215.5 -0.5 215.5 0.5 216.5 -0.5 216.5 0.5
216.5 -0.5 216.5 0.5 217.5 -0.5 217.5 0.5
217.5 -0.5 217.5 0.5 218.5 -0.5 218.5 0.5
218.5 -0.5 218.5 0.5 219.5 -0.5 219.5 0.5
219.5 -0.5 219.5 0.5 220.5 -0.5 220.5 0.5
220.5 -0.5 220.5 0.5 221.5 -0.5 221.5 0.5
221.5 -0.5 221.5 0.5 222.5 -0.5 222.5 0.5
222.5 -0.5 222.5 0.5 223.5 -0.5 223.5 0.5
223.5 -0.5 223.5 0.5 224.5 -0.5 224.5 0.5
224.5 -0.5 224.5 0.5 225.5 -0.5 225.5 0.5
225.5 -0.5 225.5 0.5 226.5 -0.5 226.5 0.5
226.5 -0.5 226.5 0.5 227.5 -0.5 227.5 0.5
227.5 -0.5 227.5 0.5 228.5 -0.5 228.5 0.5
228.5 -0.5 228.5 0.5 229.5 -0.5 229.5 0.5
229.5 -0.5 229.5 0.5 230.5 -0.5 230.5 0.5
230.5 -0.5 230.5 0.5 231.5 -0.5 231.5 0.5
231.5 -0.5 231.5 0.5 232.5 -0.5 232.5 0.5
232.5 -0.5 232.5 0.5 233.5 -0.5 233.5 0.5
233.5 -0.5 233.5 0.5 234.5 -0.5 234.5 0.5
234.5 -0.5 234.5 0.5 235.5 -0.5 235.5 0.5
235.5 -0.5 235.5 0.5 236.5 -0.5 236.5 0.5
236.5 -0.5 236.5 0.5 237.5 -0.5 237.5 0.5
237.5 -0.5 237.5 0.5 238.5 -0.5 238.5 0.5
238.5 -0.5 238.5 0.5 239.5 -0.5 239.5 0.5
239.5 -0.5 239.5 0.5 240.5 -0.5 240.5 0.5
240.5 -0.5 240.5 0.5 241.5 -0.5 241.5 0.5
241.5 -0.5 241.5 0.5 242.5 -0.5 242.5 0.5
242.5 -0.5 242.5 0.5 243.5 -0.5 243.5 0.5
243.5 -0.5 243.5 0.5 244.5 -0.5 244.5 0.5
244.5 -0.5 244.5 0.5 245.5 -0.5 245.5 0.5
245.5 -0.5 245.5 0.5 246.5 -0.5 246.5 0.5
246.5 -0.5 246.5 0.5 247.5 -0.5 247.5 0.5
247.5 -0.5 247.5 0.5 248.5 -0.5 248.5 0.5
248.5 -0.5 248.5 0.5 249.5 -0.5 249.5 0.5
249.5 -0.5 249.5 0.5 250.5 -0.5 250.5 0.5
250.5 -0.5 250.5 0.5 251.5 -0.5 251.5 0.5
251.5 -0.5 251.5 0.5 252.5 -0.5 252.5 0.5
252.5 -0.5 252.5 0.5 253.5 -0.5 253.5 0.5
253.5 -0.5 253.5 0.5 254.5 -0.5 254.5 0.5
254.5 -0.5 254.5 0.5 255.5 -0.5 255.5 0.5
255.5 -0.5 255.5 0.5 256.5 -0.5 256.5 0.5
256.5 -0.5 256.5 0.5 257.5 -0.5 257.5 0.5
257.5 -0.5 257.5 0.5 258.5 -0.5 258.5 0.5
258.5 -0.5 258.5 0.5 259.5 -0.5 259.5 0.5
259.5 -0.5 259.5 0.5 260.5 -0.5 260.5 0.5
260.5 -0.5 260.5 0.5 261.5 -0.5 261.5 0.5
261.5 -0.5 261.5 0.5 262.5 -0.5 262.5 0.5
262.5 -0.5 262.5 0.5 263.5 -0.5 263.5 0.5
263.5 -0.5 263.5 0.5 264.5 -0.5 264.5 0.5
264.5 -0.5 264.5 0.5 265.5 -0.5 265.5 0.5
265.5 -0.5 265.5 0.5 266.5 -0.5 266.5 0.5
266.5 -0.5 266.5 0.5 267.5 -0.5 267.5 0.5
267.5 -0.5 267.5 0.5 268.5 -0.5 268.5 0.5
268.5 -0.5 268.5 0.5 269.5 -0.5 269.5 0.5
269.5 -0.5 269.5 0.5 270.5 -0.5 270.5 0.5
270.5 -0.5 270.5 0.5 271.5 -0.5 271.5 0.5
271.5 -0.5 271.5 0.5 272.5 -0.5 272.5 0.5
272.5 -0.5 272.5 0.5 273.5 -0.5 273.5 0.5
273.5 -0.5 273.5 0.5 274.5 -0.5 274.5 0.5
274.5 -0.5 274.5 0.5 275.5 -0.5 275.5 0.5
275.5 -0.5 275.5 0.5 276.5 -0.5 276.5 0.5
276.5 -0.5 276.5 0.5 277.5 -0.5 277.5 0.5
277.5 -0.5 277.5 0.5 278.5 -0.5 278.5 0.5
278.5 -0.5 278.5 0.5 279.5 -0.5 279.5 0.5
279.5 -0.5 279.5 0.5 280.5 -0.5 280.5 0.5
280.5 -0.5 280.5 0.5 281.5 -0.5 281.5 0.5
281.5 -0.5 281.5 0.5 282.5 -0.5 282.5 0.5
282.5 -0.5 282.5 0.5 283.5 -0.5 283.5 0.5
283.5 -0.5 283.5 0.5 284.5 -0.5 284.5 0.5
284.5 -0.5 284.5 0.5 285.5 -0.5 285.5 0.5
285.5 -0.5 285.5 0.5 286.5 -0.5 286.5 0.5
286.5 -0.5 286.5 0.5 287.5 -0.5 287.5 0.5
287.5 -0.5 287.5 0.5 288.5 -0.5 288.5 0.5
288.5 -0.5 288.5 0.5 289.5 -0.5 289.5 0.5
289.5 -0.5 289.5 0.5 290.5 -0.5 290.5 0.5
290.5 -0.5 290.5 0.5 291.5 -0.5 291.5 0.5
291.5 -0.5 291.5 0.5 292.5 -0.5 292.5 0.5
292.5 -0.5 292.5 0.5 293.5 -0.5 293.5 0.5
293.5 -0.5 293.5 0.5 294.5 -0.5 294.5 0.5
294.5 -0.5 294.5 0.5 295.5 -0.5 295.5 0.5
295.5 -0.5 295.5 0.5 296.5 -0.5 296.5 0.5
296.5 -0.5 296.5 0.5 297.5 -0.5 297.5 0.5
297.5 -0.5 297.5 0.5 298.5 -0.5 298.5 0.5
298.5 -0.5 298.5 0.5 299.5 -0.5 299.5 0.5