Landmarks 0
Trees 100
213.05443 100.26538 1.70518
7.41296 114.52484 2.5318
72.99104 144.37241 2.77178
227.06604 107.82021 2.76755
3.91355 95.46694 2.65501
65.98539 124.24507 1.74236
161.78422 95.99211 1.87901
141.40555 125.12183 2.22714
150.39266 139.18048 2.68303
160.79368 126.11083 2.28101
295.40305 134.66543 2.41916
262.024 126.50849 2.4925
280.41696 107.90187 1.62427
290.39985 107.20713 1.63423
217.61732 144.02735 1.68582
87.48985 101.85743 2.5115
286.68078 113.93572 2.34933
25.8784 114.35446 2.74414
270.76677 135.94112 2.66478
170.37728 129.81108 1.82734
123.99692 124.0367 1.82548
117.54869 143.94245 1.99513
222.41616 141.62845 2.78966
44.00578 116.5382 2.06508
201.54266 115.76432 1.70373
161.62318 103.79915 1.94986
157.03459 93.15237 1.97274
129.46326 124.54858 2.78256
94.01546 94.52189 2.39747
23.71371 124.77403 2.15879
225.80797 136.60785 1.88442
186.80361 108.55032 2.63786
135.35075 114.16971 2.43588
221.24032 98.25386 2.52371
155.33421 126.39779 1.52535
49.96992 142.81933 2.04063
237.97519 119.11737 1.62358
273.86756 121.24346 2.44388
286.27592 123.85151 2.0641
58.12649 111.82251 1.60209
89.76621 108.20654 1.93793
175.04175 108.60564 1.99173
237.87328 143.06867 2.56737
189.41017 130.54211 2.08061
197.26287 119.43179 1.91853
280.12092 120.25096 1.8241
271.43999 95.32578 1.93842
294.17899 98.13983 2.65608
78.25313 109.38514 2.18097
255.88802 110.88988 2.59089
102.61699 120.04301 2.75655
109.28334 108.71284 2.48027
179.96949 116.7533 2.97935
35.0342 136.03264 1.57927
261.86514 102.78071 1.88458
17.65141 95.66206 2.11477
264.9675 137.9605 2.88407
292.95773 117.45248 1.52286
117.57677 110.29438 2.03079
198.94547 112.67492 1.81461
157.49474 116.18588 2.49297
169.36901 116.02611 2.46836
211.32273 95.48248 1.85594
265.67326 132.17667 1.6152
19.69428 108.16723 2.46535
218.19111 135.25571 1.52735
169.22233 135.79208 2.49253
210.27226 132.16994 2.39091
116.36795 96.37492 2.23055
271.39921 126.18536 2.58756
276.3241 114.78471 2.28963
231.8086 126.50334 1.79313
175.52867 132.05439 2.88351
87.03887 132.34872 2.90887
200.51012 133.02592 2.31743
49.73111 101.5864 1.6941
186.10504 99.88421 1.85482
262.95765 117.85183 2.99985
93.56076 136.28902 2.16157
239.19694 98.22627 2.00286
107.06775 127.414 2.64848
206.93431 141.44359 2.24953
222.62679 115.38803 2.18063
295.75854 108.25428 2.24197
66.39574 113.96504 2.52495
223.05532 131.45673 2.37665
70.56753 96.58013 2.14893
274.91136 109.25799 2.85816
277.31285 143.43572 2.55857
279.87278 133.46501 1.79183
57.35348 117.46536 2.28157
245.93864 107.89252 2.02267
187.66212 134.90687 2.24166
159.09333 107.14111 1.53911
68.88626 131.6644 2.63423
99.27324 145.88997 2.61031
111.22855 118.99432 2.92488
249.52505 133.66178 2.04752
15.15316 129.99595 2.47941
156.55079 141.83664 2.63653
Platforms 70
236.61248 -10 236.61248 10 239.3379 -10 239.3379 10
236.61248 0 236.61248 20 239.3379 0 239.3379 20
236.61248 10 236.61248 30 239.3379 10 239.3379 30
236.61248 20 236.61248 40 239.3379 20 239.3379 40
236.61248 30 236.61248 50 239.3379 30 239.3379 50
236.61248 40 236.61248 60 239.3379 40 239.3379 60
236.61248 50 236.61248 70 239.3379 50 239.3379 70
236.61248 60 236.61248 80 239.3379 60 239.3379 80
236.61248 70 236.61248 90 239.3379 70 239.3379 90
236.61248 80 236.61248 100 239.3379 80 239.3379 100
271.76367 -10 271.76367 10 275.97145 -10 275.97145 10
271.76367 0 271.76367 20 275.97145 0 275.97145 20
271.76367 10 271.76367 30 275.97145 10 275.97145 30
271.76367 20 271.76367 40 275.97145 20 275.97145 40
271.76367 30 271.76367 50 275.97145 30 275.97145 50
271.76367 40 271.76367 60 275.97145 40 275.97145 60
271.76367 50 271.76367 70 275.97145 50 275.97145 70
271.76367 60 271.76367 80 275.97145 60 275.97145 80
271.76367 70 271.76367 90 275.97145 70 275.97145 90
271.76367 80 271.76367 100 275.97145 80 275.97145 100
195.43041 -10 195.43041 10 199.09533 -10 199.09533 10
195.43041 0 195.43041 20 199.09533 0 199.09533 20
195.43041 10 195.43041 30 199.09533 10 199.09533 30
195.43041 20 195.43041 40 199.09533 20 199.09533 40
195.43041 30 195.43041 50 199.09533 30 199.09533 50
195.43041 40 195.43041 60 199.09533 40 199.09533 60
195.43041 50 195.43041 70 199.09533 50 199.09533 70
195.43041 60 195.43041 80 199.09533 60 199.09533 80
195.43041 70 195.43041 90 199.09533 70 199.09533 90
195.43041 80 195.43041 100 199.09533 80 199.09533 100
278.31417 -10 278.31417 10 281.92767 -10 281.92767 10
278.31417 0 278.31417 20 281.92767 0 281.92767 20
278.31417 10 278.31417 30 281.92767 10 281.92767 30
278.31417 20 278.31417 40 281.92767 20 281.92767 40
278.31417 30 278.31417 50 281.92767 30 281.92767 50
278.31417 40 278.31417 60 281.92767 40 281.92767 60
278.31417 50 278.31417 70 281.92767 50 281.92767 70
278.31417 60 278.31417 80 281.92767 60 281.92767 80
278.31417 70 278.31417 90 281.92767 70 281.92767 90
278.31417 80 278.31417 100 281.92767 80 281.92767 100
99.86078 -10 99.86078 10 105.3732 -10 105.3732 10
99.86078 0 99.86078 20 105.3732 0 105.3732 20
99.86078 10 99.86078 30 105.3732 10 105.3732 30
99.86078 20 99.86078 40 105.3732 20 105.3732 40
99.86078 30 99.86078 50 105.3732 30 105.3732 50
99.86078 40 99.86078 60 105.3732 40 105.3732 60
99.86078 50 99.86078 70 105.3732 50 105.3732 70
99.86078 60 99.86078 80 105.3732 60 105.3732 80
99.86078 70 99.86078 90 105.3732 70 105.3732 90
99.86078 80 99.86078 100 105.3732 80 105.3732 100
260.86374 -10 260.86374 10 265.05156 -10 265.05156 10
260.86374 0 260.86374 20 265.05156 0 265.05156 20
260.86374 10 260.86374 30 265.05156 10 265.05156 30
260.86374 20 260.86374 40 265.05156 20 265.05156 40
260.86374 30 260.86374 50 265.05156 30 265.05156 50
260.86374 40 260.86374 60 265.05156 40 265.05156 60
260.86374 50 260.86374 70 265.05156 50 265.05156 70
260.86374 60 260.86374 80 265.05156 60 265.05156 80
260.86374 70 260.86374 90 265.05156 70 265.05156 90
260.86374 80 260.86374 100 265.05156 80 265.05156 100
108.482 -10 108.482 10 113.9751 -10 113.9751 10
108.482 0 108.482 20 113.9751 0 113.9751 20
108.482 10 108.482 30 113.9751 10 113.9751 30
108.482 20 108.482 40 113.9751 20 113.9751 40
108.482 30 108.482 50 113.9751 30 113.9751 50
108.482 40 108.482 60 113.9751 40 113.9751 60
108.482 50 108.482 70 113.9751 50 113.9751 70
108.482 60 108.482 80 113.9751 60 113.9751 80
108.482 70 108.482 90 113.9751 70 113.9751 90
108.482 80 108.482 100 113.9751 80 113.9751 100
Branches 200
264.17927 224.85689 1.41231
70.67935 81.82526 1.03341
267.76261 205.30436 1.02646
145.35676 204.32298 1.79489
27.87641 165.00837 1.51046
91.69776 222.41592 1.60104
175.47963 253.89007 1.8615
248.10897 243.10137 1.54165
79.14829 182.89108 1.21021
73.88715 187.55154 1.40587
152.07168 256.75718 1.42354
140.44921 145.19705 1.10001
38.56454 109.69729 1.36783
65.90143 203.77192 1.63198
122.76713 249.74846 1.44002
145.12388 295.04758 1.22883
157.20084 146.67369 1.04198
74.16399 167.92137 1.45134
286.9567 196.42539 1.9197
7.78321 262.92738 1.20983
78.37234 272.47253 1.43774
165.81245 117.30596 1.29285
61.55667 101.83249 1.04686
85.53694 93.62341 1.96126
196.40429 266.52226 1.81735
145.87176 265.97414 1.4609
124.75343 193.79424 1.95201
248.77273 294.9355 1.08104
275.71477 147.89084 1.95206
137.30017 242.40985 1.62778
138.3781 78.72162 1.38212
73.64754 210.34834 1.61094
108.22424 242.33102 1.0872
210.44248 102.77989 1.03289
64.55445 175.91978 1.92565
79.07841 249.38654 1.5057
155.23722 297.81538 1.43642
244.78687 101.27566 1.61174
61.2738 255.95629 1.34163
127.08491 111.03622 1.64614
288.4042 91.91764 1.9517
288.45251 95.52962 1.11109
297.1708 198.60363 1.55196
157.4369 160.97152 1.15393
17.57794 264.43546 1.49459
149.38518 294.92244 1.50302
259.78396 234.06172 1.0661
29.62318 79.05525 1.5728
116.551 120.31273 1.76571
223.40308 248.29199 1.64479
214.92814 144.59443 1.88839
186.2659 293.00263 1.20909
211.36741 214.91879 1.88289
93.03862 250.10606 1.73861
196.92774 90.03425 1.165
77.45515 156.33161 1.71607
76.11842 192.28429 1.65638
136.27603 279.68633 1.5677
205.56847 242.58658 1.21855
92.61239 295.93445 1.7657
40.39465 275.80518 1.16436
169.56463 205.91346 1.06903
136.41443 122.67621 1.35418
262.27313 268.73887 1.15441
41.29347 89.26899 1.356
290.86253 289.81345 1.33014
9.89302 186.264 1.89701
62.33602 88.70726 1.22236
77.86197 80.08725 1.99744
294.66515 257.68858 1.64232
50.94944 229.72793 1.74198
185.20939 77.62254 1.91105
29.85967 260.87174 1.52797
124.38165 236.48628 1.03067
57.91711 172.66655 1.07754
268.06318 264.87251 1.95933
139.23994 246.5756 1.63194
243.22511 293.83199 1.26127
182.81132 165.97845 1.89934
187.75398 144.55671 1.12135
264.26425 119.86698 1.58915
161.50337 126.16433 1.22822
238.14582 234.53889 1.03697
164.15802 111.8667 1.24729
162.76287 227.97478 1.07115
193.49279 255.33446 1.33247
283.29292 97.82559 1.3801
62.69637 139.5224 1.48539
228.94902 131.05639 1.48449
168.13016 152.28135 1.01484
101.54952 275.4486 1.37786
267.20285 213.44729 1.5631
115.04111 115.15049 1.32651
103.61292 146.12653 1.26792
86.27653 172.86341 1.28045
178.8715 195.69148 1.34919
142.62475 113.10534 1.00651
71.81159 219.50394 1.44719
147.55368 145.10561 1.96908
297.73226 224.88504 1.8863
183.91873 272.23182 1.96548
109.37826 129.23342 1.25862
237.26768 206.4018 1.27303
178.48512 151.64126 1.43468
280.83298 165.34451 1.07852
152.95691 223.58107 1.39709
166.0826 265.18723 1.3074
164.45554 212.05951 1.92888
251.38518 152.94349 1.01902
44.5161 232.75979 1.16413
272.32682 122.66044 1.43259
199.38332 191.04988 1.86071
268.06905 118.55582 1.12786
137.01002 139.61951 1.29048
33.30837 107.55648 1.08935
18.79882 273.12135 1.79672
297.17084 172.21971 1.33099
217.594 219.00714 1.53374
51.88294 142.93297 1.19213
89.14035 236.23456 1.17459
89.16494 270.02994 1.57638
264.70823 134.70101 1.50956
50.68326 247.39762 1.12952
111.80291 108.09969 1.35448
205.5651 136.22313 1.30799
215.97718 291.0872 1.55576
252.30905 255.81906 1.46447
263.13166 97.50797 1.5754
263.31609 148.26238 1.82605
83.86124 174.58555 1.25938
49.39027 237.41562 1.41842
81.55999 110.34615 1.83945
58.07773 118.09995 1.59172
155.06289 164.56774 1.12146
59.21873 270.71848 1.28664
173.92201 279.07145 1.16359
97.6167 190.02783 1.31964
111.93316 113.25899 1.2911
209.02679 263.01325 1.70902
66.11181 105.37034 1.72881
168.70017 256.87436 1.79416
32.69177 215.12279 1.66642
31.3508 132.7233 1.98228
153.54008 133.339 1.32267
96.28906 142.63445 1.35342
193.42903 114.64923 1.99832
101.7466 287.29106 1.78521
272.79432 197.4456 1.33294
160.16076 253.91637 1.335
172.68072 133.89179 1.20121
295.15719 124.11126 1.66697
146.96881 218.76143 1.00075
270.33859 157.37464 1.43352
45.69474 170.54234 1.22967
250.69506 279.46773 1.23506
132.30515 200.89794 1.50833
13.58464 137.67328 1.94698
131.39576 225.05687 1.00401
40.45363 262.90742 1.37941
60.28404 126.05833 1.70849
89.25128 170.98517 1.01375
122.42246 257.5578 1.31855
99.00121 261.33831 1.64984
284.8929 177.57954 1.72546
161.77092 272.08317 1.62443
147.62146 134.29211 1.75428
26.39069 243.77572 1.73304
52.22004 225.73328 1.20067
132.97233 127.81732 1.32317
281.36507 187.71172 1.98361
214.07208 274.99153 1.98673
3.38545 161.31609 1.46019
18.55228 276.71668 1.41998
49.92192 130.94881 1.11522
172.31043 112.65718 1.08243
24.80933 296.53648 1.27791
103.43681 112.86854 1.31618
11.25772 174.78033 1.28597
40.24324 211.22127 1.20199
112.5118 156.8199 1.48125
273.85054 269.77015 1.93418
211.42383 96.36213 1.61212
184.0948 153.01184 1.11252
63.4158 204.88736 1.02906
128.17791 209.88741 1.14432
206.84603 274.01497 1.5458
171.92176 258.50214 1.65189
143.06834 289.57237 1.92596
293.94109 165.89095 1.3775
158.25888 221.60701 1.55075
215.91864 160.6789 1.04657
238.99386 144.65419 1.81892
201.53071 151.50983 1.07985
267.38234 261.01947 1.66714
270.82416 95.51909 1.19454
290.84461 225.32602 1.97467
105.74827 254.57984 1.77099
94.07303 121.16961 1.09893
113.56521 134.17665 1.48066
96.01134 122.86374 1.33562
Switches 2
0 120
240 120
Grounds 300
-0.5 -0.5 -0.5 0.5 0.5 -0.5 0.5 0.5
0.5 -0.5 0.5 0.5 1.5 -0.5 1.5 0.5
1.5 -0.5 1.5 0.5 2.5 -0.5 2.5 0.5
2.5 -0.5 2.5 0.5 3.5 -0.5 3.5 0.5
3.5 -0.5 3.5 0.5 4.5 -0.5 4.5 0.5
4.5 -0.5 4.5 0.5 5.5 -0.5 5.5 0.5
5.5 -0.5 5.5 0.5 6.5 -0.5 6.5 0.5
6.5 -0.5 6.5 0.5 7.5 -0.5 7.5 0.5
7.5 -0.5 7.5 0.5 8.5 -0.5 8.5 0.5
8.5 -0.5 8.5 0.5 9.5 -0.5 9.5 0.5
9.5 -0.5 9.5 0.5 10.5 -0.5 10.5 0.5
10.5 -0.5 10.5 0.5 11.5 -0.5 11.5 0.5
11.5 -0.5 11.5 0.5 12.5 -0.5 12.5 0.5
12.5 -0.5 12.5 0.5 13.5 -0.5 13.5 0.5
13.5 -0.5 13.5 0.5 14.5 -0.5 14.5 0.5
14.5 -0.5 14.5 0.5 15.5 -0.5 15.5 0.5
15.5 -0.5 15.5 0.5 16.5 -0.5 16.5 0.5
16.5 -0.5 16.5 0.5 17.5 -0.5 17.5 0.5
17.5 -0.5 17.5 0.5 18.5 -0.5 18.5 0.5
18.5 -0.5 18.5 0.5 19.5 -0.5 19.5 0.5
19.5 -0.5 19.5 0.5 20.5 -0.5 20.5 0.5
20.5 -0.5 20.5 0.5 21.5 -0.5 21.5 0.5
21.5 -0.5 21.5 0.5 22.5 -0.5 22.5 0.5
22.5 -0.5 22.5 0.5 23.5 -0.5 23.5 0.5
23.5 -0.5 23.5 0.5 24.5 -0.5 24.5 0.5
24.5 -0.5 24.5 0.5 25.5 -0.5 25.5 0.5
25.5 -0.5 25.5 0.5 26.5 -0.5 26.5 0.5
26.5 -0.5 26.5 0.5 27.5 -0.5 27.5 0.5
27.5 -0.5 27.5 0.5 28.5 -0.5 28.5 0.5
28.5 -0.5 28.5 0.5 29.5 -0.5 29.5 0.5
29.5 -0.5 29.5 0.5 30.5 -0.5 30.5 0.5
30.5 -0.5 30.5 0.5 31.5 -0.5 31.5 0.5
31.5 -0.5 31.5 0.5 32.5 -0.5 32.5 0.5
32.5 -0.5 32.5 0.5 33.5 -0.5 33.5 0.5
33.5 -0.5 33.5 0.5 34.5 -0.5 34.5 0.5
34.5 -0.5 34.5 0.5 35.5 -0.5 35.5 0.5
35.5 -0.5 35.5 0.5 36.5 -0.5 36.5 0.5
36.5 -0.5 36.5 0.5 37.5 -0.5 37.5 0.5
37.5 -0.5 37.5 0.5 38.5 -0.5 38.5 0.5
38.5 -0.5 38.5 0.5 39.5 -0.5 39.5 0.5
39.5 -0.5 39.5 0.5 40.5 -0.5 40.5 0.5
40.5 -0.5 40.5 0.5 41.5 -0.5 41.5 0.5
41.5 -0.5 41.5 0.5 42.5 -0.5 42.5 0.5
42.5 -0.5 42.5 0.5 43.5 -0.5 43.5 0.5
43.5 -0.5 43.5 0.5 44.5 -0.5 44.5 0.5
44.5 -0.5 44.5 0.5 45.5 -0.5 45.5 0.5
45.5 -0.5 45.5 0.5 46.5 -0.5 46.5 0.5
46.5 -0.5 46.5 0.5 47.5 -0.5 47.5 0.5
47.5 -0.5 47.5 0.5 48.5 -0.5 48.5 0.5
48.5 -0.5 48.5 0.5 49.5 -0.5 49.5 0.5
49.5 -0.5 49.5 0.5 50.5 -0.5 50.5 0.5
50.5 -0.5 50.5 0.5 51.5 -0.5 51.5 0.5
51.5 -0.5 51.5 0.5 52.5 -0.5 52.5 0.5
52.5 -0.5 52.5 0.5 53.5 -0.5 53.5 0.5
53.5 -0.5 53.5 0.5 54.5 -0.5 54.5 0.5
54.5 -0.5 54.5 0.5 55.5 -0.5 55.5 0.5
55.5 -0.5 55.5 0.5 56.5 -0.5 56.5 0.5
56.5 -0.5 56.5 0.5 57.5 -0.5 57.5 0.5
57.5 -0.5 57.5 0.5 58.5 -0.5 58.5 0.5
58.5 -0.5 58.5 0.5 59.5 -0.5 59.5 0.5
59.5 -0.5 59.5 0.5 60.5 -0.5 60.5 0.5
60.5 -0.5 60.5 0.5 61.5 -0.5 61.5 0.5
61.5 -0.5 61.5 0.5 62.5 -0.5 62.5 0.5
62.5 -0.5 62.5 0.5 63.5 -0.5 63.5 0.5
63.5 -0.5 63.5 0.5 64.5 -0.5 64.5 0.5
64.5 -0.5 64.5 0.5 65.5 -0.5 65.5 0.5
65.5 -0.5 65.5 0.5 66.5 -0.5 66.5 0.5
66.5 -0.5 66.5 0.5 67.5 -0.5 67.5 0.5
67.5 -0.5 67.5 0.5 68.5 -0.5 68.5 0.5
68.5 -0.5 68.5 0.5 69.5 -0.5 69.5 0.5
69.5 -0.5 69.5 0.5 70.5 -0.5 70.5 0.5
70.5 -0.5 70.5 0.5 71.5 -0.5 71.5 0.5
71.5 -0.5 71.5 0.5 72.5 -0.5 72.5 0.5
72.5 -0.5 72.5 0.5 73.5 -0.5 73.5 0.5
73.5 -0.5 73.5 0.5 74.5 -0.5 74.5 0.5
74.5 -0.5 74.5 0.5 75.5 -0.5 75.5 0.5
75.5 -0.5 75.5 0.5 76.5 -0.5 76.5 0.5
76.5 -0.5 76.5 0.5 77.5 -0.5 77.5 0.5
77.5 -0.5 77.5 0.5 78.5 -0.5 78.5 0.5
78.5 -0.5 78.5 0.5 79.5 -0.5 79.5 0.5
79.5 -0.5 79.5 0.5 80.5 -0.5 80.5 0.5
80.5 -0.5 80.5 0.5 81.5 -0.5 81.5 0.5
81.5 -0.5 81.5 0.5 82.5 -0.5 82.5 0.5
82.5 -0.5 82.5 0.5 83.5 -0.5 83.5 0.5
83.5 -0.5 83.5 0.5 84.5 -0.5 84.5 0.5
84.5 -0.5 84.5 0.5 85.5 -0.5 85.5 0.5
85.5 -0.5 85.5 0.5 86.5 -0.5 86.5 0.5
86.5 -0.5 86.5 0.5 87.5 -0.5 87.5 0.5
87.5 -0.5 87.5 0.5 88.5 -0.5 88.5 0.5
88.5 -0.5 88.5 0.5 89.5 -0.5 89.5 0.5
89.5 -0.5 89.5 0.5 90.5 -0.5 90.5 0.5
90.5 -0.5 90.5 0.5 91.5 -0.5 91.5 0.5
91.5 -0.5 91.5 0.5 92.5 -0.5 92.5 0.5
92.5 -0.5 92.5 0.5 93.5 -0.5 93.5 0.5
93.5 -0.5 93.5 0.5 94.5 -0.5 94.5 0.5
94.5 -0.5 94.5 0.5 95.5 -0.5 95.5 0.5
95.5 -0.5 95.5 0.5 96.5 -0.5 96.5 0.5
96.5 -0.5 96.5 0.5 97.5 -0.5 97.5 0.5
97.5 -0.5 97.5 0.5 98.5 -0.5 98.5 0.5
98.5 -0.5 98.5 0.5 99.5 -0.5 99.5 0.5
99.5 -0.5 99.5 0.5 100.5 -0.5 100.5 0.5
100.5 -0.5 100.5 0.5 101.5 -0.5 101.5 0.5
101.5 -0.5 101.5 0.5 102.5 -0.5 102.5 0.5
102.5 -0.5 102.5 0.5 103.5 -0.5 103.5 0.5
103.5 -0.5 103.5 0.5 104.5 -0.5 104.5 0.5
104.5 -0.5 104.5 0.5 105.5 -0.5 105.5 0.5
105.5 -0.5 105.5 0.5 106.5 -0.5 106.5 0.5
106.5 -0.5 106.5 0.5 107.5 -0.5 107.5 0.5
107.5 -0.5 107.5 0.5 108.5 -0.5 108.5 0.5
108.5 -0.5 108.5 0.5 109.5 -0.5 109.5 0.5
109.5 -0.5 109.5 0.5 110.5 -0.5 110.5 0.5
110.5 -0.5 110.5 0.5 111.5 -0.5 111.5 0.5
111.5 -0.5 111.5 0.5 112.5 -0.5 112.5 0.5
112.5 -0.5 112.5 0.5 113.5 -0.5 113.5 0.5
113.5 -0.5 113.5 0.5 114.5 -0.5 114.5 0.5
114.5 -0.5 114.5 0.5 115.5 -0.5 115.5 0.5
115.5 -0.5 115.5 0.5 116.5 -0.5 116.5 0.5
116.5 -0.5 116.5 0.5 117.5 -0.5 117.5 0.5
117.5 -0.5 117.5 0.5 118.5 -0.5 118.5 0.5
118.5 -0.5 118.5 0.5 119.5 -0.5 119.5 0.5
119.5 -0.5 119.5 0.5 120.5 -0.5 120.5 0.5
120.5 -0.5 120.5 0.5 121.5 -0.5 121.5 0.5
121.5 -0.5 121.5 0.5 122.5 -0.5 122.5 0.5
122.5 -0.5 122.5 0.5 123.5 -0.5 123.5 0.5
123.5 -0.5 123.5 0.5 124.5 -0.5 124.5 0.5
124.5 -0.5 124.5 0.5 125.5 -0.5 125.5 0.5
125.5 -0.5 125.5 0.5 126.5 -0.5 126.5 0.5
126.5 -0.5 126.5 0.5 127.5 -0.5 127.5 0.5
127.5 -0.5 127.5 0.5 128.5 -0.5 128.5 0.5
128.5 -0.5 128.5 0.5 129.5 -0.5 129.5 0.5
129.5 -0.5 129.5 0.5 130.5 -0.5 130.5 0.5
130.5 -0.5 130.5 0.5 131.5 -0.5 131.5 0.5
131.5 -0.5 131.5 0.5 132.5 -0.5 132.5 0.5
132.5 -0.5 132.5 0.5 133.5 -0.5 133.5 0.5
133.5 -0.5 133.5 0.5 134.5 -0.5 134.5 0.5
134.5 -0.5 134.5 0.5 135.5 -0.5 135.5 0.5
135.5 -0.5 135.5 0.5 136.5 -0.5 136.5 0.5
136.5 -0.5 136.5 0.5 137.5 -0.5 137.5 0.5
137.5 -0.5 137.5 0.5 138.5 -0.5 138.5 0.5
138.5 -0.5 138.5 0.5 139.5 -0.5 139.5 0.5
139.5 -0.5 139.5 0.5 140.5 -0.5 140.5 0.5
140.5 -0.5 140.5 0.5 141.5 -0.5 141.5 0.5
141.5 -0.5 141.5 0.5 142.5 -0.5 142.5 0.5
142.5 -0.5 142.5 0.5 143.5 -0.5 143.5 0.5
143.5 -0.5 143.5 0.5 144.5 -0.5 144.5 0.5
144.5 -0.5 144.5 0.5 145.5 -0.5 145.5 0.5
145.5 -0.5 145.5 0.5 146.5 -0.5 146.5 0.5
146.5 -0.5 146.5 0.5 147.5 -0.5 147.5 0.5
147.5 -0.5 147.5 0.5 148.5 -0.5 148.5 0.5
148.5 -0.5 148.5 0.5 149.5 -0.5 149.5 0.5
149.5 -0.5 149.5 0.5 150.5 -0.5 150.5 0.5
150.5 -0.5 150.5 0.5 151.5 -0.5 151.5 0.5
151.5 -0.5 151.5 0.5 152.5 -0.5 152.5 0.5
152.5 -0.5 152.5 0.5 153.5 -0.5 153.5 0.5
153.5 -0.5 153.5 0.5 154.5 -0.5 154.5 0.5
154.5 -0.5 154.5 0.5 155.5 -0.5 155.5 0.5
155.5 -0.5 155.5 0.5 156.5 -0.5 156.5 0.5
156.5 -0.5 156.5 0.5 157.5 -0.5 157.5 0.5
157.5 -0.5 157.5 0.5 158.5 -0.5 158.5 0.5
158.5 -0.5 158.5 0.5 159.5 -0.5 159.5 0.5
159.5 -0.5 159.5 0.5 160.5 -0.5 160.5 0.5
160.5 -0.5 160.5 0.5 161.5 -0.5 161.5 0.5
161.5 -0.5 161.5 0.5 162.5 -0.5 162.5 0.5
162.5 -0.5 162.5 0.5 163.5 -0.5 163.5 0.5
163.5 -0.5 163.5 0.5 164.5 -0.5 164.5 0.5
164.5 -0.5 164.5 0.5 165.5 -0.5 165.5 0.5
165.5 -0.5 165.5 0.5 166.5 -0.5 166.5 0.5
166.5 -0.5 166.5 0.5 167.5 -0.5 167.5 0.5
167.5 -0.5 167.5 0.5 168.5 -0.5 168.5 0.5
168.5 -0.5 168.5 0.5 169.5 -0.5 169.5 0.5
169.5 -0.5 169.5 0.5 170.5 -0.5 170.5 0.5
170.5 -0.5 170.5 0.5 171.5 -0.5 171.5 0.5
171.5 -0.5 171.5 0.5 172.5 -0.5 172.5 0.5
172.5 -0.5 172.5 0.5 173.5 -0.5 173.5 0.5
173.5 -0.5 173.5 0.5 174.5 -0.5 174.5 0.5
174.5 -0.5 174.5 0.5 175.5 -0.5 175.5 0.5
175.5 -0.5 175.5 0.5 176.5 -0.5 176.5 0.5
176.5 -0.5 176.5 0.5 177.5 -0.5 177.5 0.5
177.5 -0.5 177.5 0.5 178.5 -0.5 178.5 0.5
178.5 -0.5 178.5 0.5 179.5 -0.5 179.5 0.5
179.5 -0.5 179.5 0.5 180.5 -0.5 180.5 0.5
180.5 -0.5 180.5 0.5 181.5 -0.5 181.5 0.5
181.5 -0.5 181.5 0.5 182.5 -0.5 182.5 0.5
182.5 -0.5 182.5 0.5 183.5 -0.5 183.5 0.5
183.5 -0.5 183.5 0.5 184.5 -0.5 184.5 0.5
184.5 -0.5 184.5 0.5 185.5 -0.5 185.5 0.5
185.5 -0.5 185.5 0.5 186.5 -0.5 186.5 0.5
186.5 -0.5 186.5 0.5 187.5 -0.5 187.5 0.5
187.5 -0.5 187.5 0.5 188.5 -0.5 188.5 0.5
188.5 -0.5 188.5 0.5 189.5 -0.5 189.5 0.5
189.5 -0.5 189.5 0.5 190.5 -0.5 190.5 0.5
190.5 -0.5 190.5 0.5 191.5 -0.5 191.5 0.5
191.5 -0.5 191.5 0.5 192.5 -0.5 192.5 0.5
192.5 -0.5 192.5 0.5 193.5 -0.5 193.5 0.5
193.5 -0.5 193.5 0.5 194.5 -0.5 194.5 0.5
194.5 -0.5 194.5 0.5 195.5 -0.5 195.5 0.5
195.5 -0.5 195.5 0.5 196.5 -0.5 196.5 0.5
196.5 -0.5 196.5 0.5 197.5 -0.5 197.5 0.5
197.5 -0.5 197.5 0.5 198.5 -0.5 198.5 0.5
198.5 -0.5 198.5 0.5 199.5 -0.5 199.5 0.5
199.5 -0.5 199.5 0.5 200.5 -0.5 200.5 0.5
200.5 -0.5 200.5 0.5 201.5 -0.5 201.5 0.5
201.5 -0.5 201.5 0.5 202.5 -0.5 202.5 0.5
202.5 -0.5 202.5 0.5 203.5 -0.5 203.5 0.5
203.5 -0.5 203.5 0.5 204.5 -0.5 204.5 0.5
204.5 -0.5 204.5 0.5 205.5 -0.5 205.5 0.5
205.5 -0.5 205.5 0.5 206.5 -0.5 206.5 0.5
206.5 -0.5 206.5 0.5 207.5 -0.5 207.5 0.5
207.5 -0.5 207.5 0.5 208.5 -0.5 208.5 0.5
208.5 -0.5 208.5 0.5 209.5 -0.5 209.5 0.5
209.5 -0.5 209.5 0.5 210.5 -0.5 210.5 0.5
210.5 -0.5 210.5 0.5 211.5 -0.5 211.5 0.5
211.5 -0.5 211.5 0.5 212.5 -0.5 212.5 0.5
212.5 -0.5 212.5 0.5 213.5 -0.5 213.5 0.5
213.5 -0.5 213.5 0.5 214.5 -0.5 214.5 0.5
214.5 -0.5 214.5 0.5 215.5 -0.5 215.5 0.5
215.5 -0.5 215.5 0.5 216.5 -0.5 216.5 0.5
216.5 -0.5 216.5 0.5 217.5 -0.5 217.5 0.5
217.5 -0.5 217.5 0.5 218.5 -0.5 218.5 0.5
218.5 -0.5 218.5 0.5 219.5 -0.5 219.5 0.5
219.5 -0.5 219.5 0.5 220.5 -0.5 220.5 0.5
220.5 -0.5 220.5 0.5 221.5 -0.5 221.5 0.5
221.5 -0.5 221.5 0.5 222.5 -0.5 222.5 0.5
222.5 -0.5 222.5 0.5 223.5 -0.5 223.5 0.5
223.5 -0.5 223.5 0.5 224.5 -0.5 224.5 0.5
224.5 -0.5 224.5 0.5 225.5 -0.5 225.5 0.5
225.5 -0.5 225.5 0.5 226.5 -0.5 226.5 0.5
226.5 -0.5 226.5 0.5 227.5 -0.5 227.5 0.5
227.5 -0.5 227.5 0.5 228.5 -0.5 228.5 0.5
228.5 -0.5 228.5 0.5 229.5 -0.5 229.5 0.5
229.5 -0.5 229.5 0.5 230.5 -0.5 230.5 0.5
230.5 -0.5 230.5 0.5 231.5 -0.5 231.5 0.5
231.5 -0.5 231.5 0.5 232.5 -0.5 232.5 0.5
232.5 -0.5 232.5 0.5 233.5 -0.5 233.5 0.5
233.5 -0.5 233.5 0.5 234.5 -0.5 234.5 0.5
234.5 -0.5 234.5 0.5 235.5 -0.5 235.5 0.5
235.5 -0.5 235.5 0.5 236.5 -0.5 236.5 0.5
236.5 -0.5 236.5 0.5 237.5 -0.5 237.5 0.5
237.5 -0.5 237.5 0.5 238.5 -0.5 238.5 0.5
238.5 -0.5 238.5 0.5 239.5 -0.5 239.5 0.5
239.5 -0.5 239.5 0.5 240.5 -0.5 240.5 0.5
240.5 -0.5 240.5 0.5 241.5 -0.5 241.5 0.5
241.5 -0.5 241.5 0.5 242.5 -0.5 242.5 0.5
242.5 -0.5 242.5 0.5 243.5 -0.5 243.5 0.5
243.5 -0.5 243.5 0.5 244.5 -0.5 244.5 0.5
244.5 -0.5 244.5 0.5 245.5 -0.5 245.5 0.5
245.5 -0.5 245.5 0.5 246.5 -0.5 246.5 0.5
246.5 -0.5 246.5 0.5 247.5 -0.5 247.5 0.5
247.5 -0.5 247.5 0.5 248.5 -0.5 248.5 0.5
248.5 -0.5 248.5 0.5 249.5 -0.5 249.5 0.5
249.5 -0.5 249.5 0.5 250.5 -0.5 250.5 0.5
250.5 -0.5 250.5 0.5 251.5 -0.5 251.5 0.5
251.5 -0.5 251.5 0.5 252.5 -0.5 252.5 0.5
252.5 -0.5 252.5 0.5 253.5 -0.5 253.5 0.5
253.5 -0.5 253.5 0.5 254.5 -0.5 254.5 0.5
254.5 -0.5 254.5 0.5 255.5 -0.5 255.5 0.5
255.5 -0.5 255.5 0.5 256.5 -0.5 256.5 0.5
256.5 -0.5 256.5 0.5 257.5 -0.5 257.5 0.5
257.5 -0.5 257.5 0.5 258.5 -0.5 258.5 0.5
258.5 -0.5 258.5 0.5 259.5 -0.5 259.5 0.5
259.5 -0.5 259.5 0.5 260.5 -0.5 260.5 0.5
260.5 -0.5 260.5 0.5 261.5 -0.5 261.5 0.5
261.5 -0.5 261.5 0.5 262.5 -0.5 262.5 0.5
262.5 -0.5 262.5 0.5 263.5 -0.5 263.5 0.5
263.5 -0.5 263.5 0.5 264.5 -0.5 264.5 0.5
264.5 -0.5 264.5 0.5 265.5 -0.5 265.5 0.5
265.5 -0.5 265.5 0.5 266.5 -0.5 266.5 0.5
266.5 -0.5 266.5 0.5 267.5 -0.5 267.5 0.5
267.5 -0.5 267.5 0.5 268.5 -0.5 268.5 0.5
268.5 -0.5 268.5 0.5 269.5 -0.5 269.5 0.5
269.5 -0.5 269.5 0.5 270.5 -0.5 270.5 0.5
270.5 -0.5 270.5 0.5 271.5 -0.5 271.5 0.5
271.5 -0.5 271.5 0.5 272.5 -0.5 272.5 0.5
272.5 -0.5 272.5 0.5 273.5 -0.5 273.5 0.5
273.5 -0.5 273.5 0.5 274.5 -0.5 274.5 0.5
274.5 -0.5 274.5 0.5 275.5 -0.5 275.5 0.5
275.5 -0.5 275.5 0.5 276.5 -0.5 276.5 0.5
276.5 -0.5 276.5 0.5 277.5 -0.5 277.5 0.5
277.5 -0.5 277.5 0.5 278.5 -0.5 278.5 0.5
278.5 -0.5 278.5 0.5 279.5 -0.5 279.5 0.5
279.5 -0.5 279.5 0.5 280.5 -0.5 280.5 0.5
280.5 -0.5 280.5 0.5 281.5 -0.5 281.5 0.5
281.5 -0.5 281.5 0.5 282.5 -0.5 282.5 0.5
282.5 -0.5 282.5 0.5 283.5 -0.5 283.5 0.5
283.5 -0.5 283.5 0.5 284.5 -0.5 284.5 0.5
284.5 -0.5 284.5 0.5 285.5 -0.5 285.5 0.5
285.5 -0.5 285.5 0.5 286.5 -0.5 286.5 0.5
286.5 -0.5 286.5 0.5 287.5 -0.5 287.5 0.5
287.5 -0.5 287.5 0.5 288.5 -0.5 288.5 0.5
288.5 -0.5 288.5 0.5 289.5 -0.5 289.5 0.5
289.5 -0.5 289.5 0.5 290.5 -0.5 290.5 0.5
290.5 -0.5 290.5 0.5 291.5 -0.5 291.5 0.5
291.5 -0.5 291.5 0.5 292.5 -0.5 292.5 0.5
292.5 -0.5 292.5 0.5 293.5 -0.5 293.5 0.5
293.5 -0.5 293.5 0.5 294.5 -0.5 294.5 0.5
294.5 -0.5 294.5 0.5 295.5 -0.5 295.5 0.5
295.5 -0.5 295.5 0.5 296.5 -0.5 296.5 0.5
296.5 -0.5 296.5 0.5 297.5 -0.5 297.5 0.5
297.5 -0.5 297.5 0.5 298.5 -0.5 298.5 0.5
298.5 -0.5 298.5 0.5 299.5 -0.5 299.5 0.5