Landmarks 0
Trees 100
113.38551 187.94457 2.26888
151.09266 196.19852 2.54402
248.15236 205.01847 2.69473
220.55183 201.2008 1.90963
278.52199 193.55817 1.9171
146.12484 185.17489 1.81763
143.55316 194.24925 2.00775
224.23904 175.44474 1.65456
33.38151 180.11414 1.65663
202.83201 190.83064 2.05854
198.81087 202.33747 2.718
25.5419 203.55493 2.76011
127.80966 162.21372 2.84713
98.65255 167.51673 2.38225
233.00374 155.79812 1.69926
121.79681 202.83187 1.7129
70.40101 179.59267 2.94856
154.57162 205.37444 2.95941
42.03681 204.93065 2.97605
194.46058 189.28141 2.24158
45.52111 157.11484 2.2798
247.84575 191.19411 1.68636
221.05504 190.05347 1.53052
235.39014 161.08507 2.46252
212.34787 195.27654 2.92388
133.70634 160.89155 2.17829
263.13398 188.38527 1.91341
47.31493 170.13851 2.78115
57.89742 158.46538 2.83636
70.74239 197.08156 1.89338
213.24721 163.14001 2.29948
197.75944 174.17038 2.24106
223.31484 171.33349 2.1867
276.98068 204.08672 2.70227
143.49566 199.08503 2.56843
156.56519 168.50888 2.40528
34.65539 169.585 1.59999
4.90434 163.00718 2.81468
282.62926 200.37921 2.58128
116.58103 164.69279 2.02473
184.10322 163.82348 2.76793
271.25925 199.02883 2.02319
173.89956 180.54912 2.80604
44.20754 178.30353 2.97568
14.26173 158.24872 1.55205
271.78549 174.78295 2.92417
34.38033 188.90038 1.99446
260.74716 179.89561 2.95779
243.20237 155.00843 2.66105
167.40441 169.10711 2.55744
188.20801 189.30423 2.35497
258.27879 156.12121 2.48493
191.51158 202.30641 2.31257
139.96023 166.50305 1.54467
93.56165 186.63956 1.69399
166.56556 192.92985 1.79688
104.0857 168.47214 2.7611
75.4895 165.28591 2.83387
176.17954 190.45522 2.90891
111.6426 169.47079 2.62273
172.92442 197.95834 1.59474
165.46348 187.30723 2.75292
256.16389 171.21705 2.48679
79.03903 170.96385 2.90979
75.44966 154.81072 2.78715
169.12231 161.70542 2.81014
240.02559 176.2257 2.9904
110.34617 162.23601 2.77066
195.31023 157.88524 2.76529
259.37978 200.99074 2.78573
219.00166 186.10807 1.70613
285.0477 161.79971 1.67107
17.46068 205.8057 2.08974
159.60341 162.9001 2.94716
292.25553 193.95844 1.56809
220.04168 206.41309 1.5431
206.48808 194.6009 2.49668
210.90737 155.95741 2.03797
281.1714 164.03048 1.7557
30.10168 164.8874 1.88857
53.92726 192.62249 2.70978
9.44196 177.70565 2.90726
178.30219 155.01153 2.19549
126.12625 199.42264 1.90411
7.51874 203.43398 2.31874
90.55391 177.62924 1.8809
60.71621 168.02179 2.51443
251.90408 164.22078 2.7856
283.15045 167.38624 2.09203
100.51721 178.64016 1.56332
4.8938 155.80338 2.04066
202.61409 166.60521 1.89258
146.23774 156.49228 2.81208
156.54489 199.41313 1.5674
82.45498 177.69473 2.96204
275.53185 188.91614 1.91719
157.90055 174.02563 2.24625
124.25733 187.56954 2.45953
196.41416 183.63912 1.83131
11.67648 191.22592 2.47358
Platforms 80
31.72882 -10 31.72882 10 35.0342 -10 35.0342 10
31.72882 0 31.72882 20 35.0342 0 35.0342 20
31.72882 10 31.72882 30 35.0342 10 35.0342 30
31.72882 20 31.72882 40 35.0342 20 35.0342 40
31.72882 30 31.72882 50 35.0342 30 35.0342 50
31.72882 40 31.72882 60 35.0342 40 35.0342 60
31.72882 50 31.72882 70 35.0342 50 35.0342 70
31.72882 60 31.72882 80 35.0342 60 35.0342 80
31.72882 70 31.72882 90 35.0342 70 35.0342 90
31.72882 80 31.72882 100 35.0342 80 35.0342 100
67.48072 -10 67.48072 10 73.3213 -10 73.3213 10
67.48072 0 67.48072 20 73.3213 0 73.3213 20
67.48072 10 67.48072 30 73.3213 10 73.3213 30
67.48072 20 67.48072 40 73.3213 20 73.3213 40
67.48072 30 67.48072 50 73.3213 30 73.3213 50
67.48072 40 67.48072 60 73.3213 40 73.3213 60
67.48072 50 67.48072 70 73.3213 50 73.3213 70
67.48072 60 67.48072 80 73.3213 60 73.3213 80
67.48072 70 67.48072 90 73.3213 70 73.3213 90
67.48072 80 67.48072 100 73.3213 80 73.3213 100
171.14777 -10 171.14777 10 176.65135 -10 176.65135 10
171.14777 0 171.14777 20 176.65135 0 176.65135 20
171.14777 10 171.14777 30 176.65135 10 176.65135 30
171.14777 20 171.14777 40 176.65135 20 176.65135 40
171.14777 30 171.14777 50 176.65135 30 176.65135 50
171.14777 40 171.14777 60 176.65135 40 176.65135 60
171.14777 50 171.14777 70 176.65135 50 176.65135 70
171.14777 60 171.14777 80 176.65135 60 176.65135 80
171.14777 70 171.14777 90 176.65135 70 176.65135 90
171.14777 80 171.14777 100 176.65135 80 176.65135 100
41.76282 -10 41.76282 10 46.65226 -10 46.65226 10
41.76282 0 41.76282 20 46.65226 0 46.65226 20
41.76282 10 41.76282 30 46.65226 10 46.65226 30
41.76282 20 41.76282 40 46.65226 20 46.65226 40
41.76282 30 41.76282 50 46.65226 30 46.65226 50
41.76282 40 41.76282 60 46.65226 40 46.65226 60
41.76282 50 41.76282 70 46.65226 50 46.65226 70
41.76282 60 41.76282 80 46.65226 60 46.65226 80
41.76282 70 41.76282 90 46.65226 70 46.65226 90
41.76282 80 41.76282 100 46.65226 80 46.65226 100
257.79121 -10 257.79121 10 263.70311 -10 263.70311 10
257.79121 0 257.79121 20 263.70311 0 263.70311 20
257.79121 10 257.79121 30 263.70311 10 263.70311 30
257.79121 20 257.79121 40 263.70311 20 263.70311 40
257.79121 30 257.79121 50 263.70311 30 263.70311 50
257.79121 40 257.79121 60 263.70311 40 263.70311 60
257.79121 50 257.79121 70 263.70311 50 263.70311 70
257.79121 60 257.79121 80 263.70311 60 263.70311 80
257.79121 70 257.79121 90 263.70311 70 263.70311 90
257.79121 80 257.79121 100 263.70311 80 263.70311 100
7.65643 -10 7.65643 10 11.22749 -10 11.22749 10
7.65643 0 7.65643 20 11.22749 0 11.22749 20
7.65643 10 7.65643 30 11.22749 10 11.22749 30
7.65643 20 7.65643 40 11.22749 20 11.22749 40
7.65643 30 7.65643 50 11.22749 30 11.22749 50
7.65643 40 7.65643 60 11.22749 40 11.22749 60
7.65643 50 7.65643 70 11.22749 50 11.22749 70
7.65643 60 7.65643 80 11.22749 60 11.22749 80
7.65643 70 7.65643 90 11.22749 70 11.22749 90
7.65643 80 7.65643 100 11.22749 80 11.22749 100
99.74597 -10 99.74597 10 101.28845 -10 101.28845 10
99.74597 0 99.74597 20 101.28845 0 101.28845 20
99.74597 10 99.74597 30 101.28845 10 101.28845 30
99.74597 20 99.74597 40 101.28845 20 101.28845 40
99.74597 30 99.74597 50 101.28845 30 101.28845 50
99.74597 40 99.74597 60 101.28845 40 101.28845 60
99.74597 50 99.74597 70 101.28845 50 101.28845 70
99.74597 60 99.74597 80 101.28845 60 101.28845 80
99.74597 70 99.74597 90 101.28845 70 101.28845 90
99.74597 80 99.74597 100 101.28845 80 101.28845 100
80.59503 -10 80.59503 10 84.31493 -10 84.31493 10
80.59503 0 80.59503 20 84.31493 0 84.31493 20
80.59503 10 80.59503 30 84.31493 10 84.31493 30
80.59503 20 80.59503 40 84.31493 20 84.31493 40
80.59503 30 80.59503 50 84.31493 30 84.31493 50
80.59503 40 80.59503 60 84.31493 40 84.31493 60
80.59503 50 80.59503 70 84.31493 50 84.31493 70
80.59503 60 80.59503 80 84.31493 60 84.31493 80
80.59503 70 80.59503 90 84.31493 70 84.31493 90
80.59503 80 80.59503 100 84.31493 80 84.31493 100
Branches 200
236.25511 239.50958 1.79998
235.66935 173.73287 1.93074
107.37404 284.22736 1.95692
97.94267 99.27415 1.97699
162.39556 175.41491 1.92153
149.863 201.64185 1.13061
141.35211 184.07275 1.5109
70.47352 275.58238 1.37437
34.81092 190.931 1.73586
273.49044 162.5852 1.16119
183.4292 292.97482 1.07404
33.50708 207.2321 1.307
82.05671 150.46928 1.16347
56.32502 283.41375 1.52075
114.45189 213.86274 1.97031
122.35342 261.37426 1.13237
69.01567 93.33392 1.98453
63.44157 225.86526 1.28771
182.29977 154.42014 1.73558
42.05148 288.01477 1.62892
66.36266 251.79241 1.46459
159.711 131.15269 1.85652
70.2519 143.39801 1.84211
194.53198 296.96668 1.7418
210.69537 97.44075 1.3417
282.00723 89.72803 1.69517
238.60125 88.19945 1.15379
45.12173 248.93652 1.88449
73.86306 190.90597 1.75299
166.09027 248.92527 1.70081
224.73065 286.46583 1.39146
220.55282 235.34994 1.56585
207.74675 110.85531 1.03718
189.75186 103.55243 1.54594
77.87343 167.31172 1.98865
132.32588 258.61313 1.80822
248.92387 81.78659 1.94078
153.91797 138.86623 1.47678
265.30085 218.21527 1.63428
44.8272 173.76387 1.79697
273.97008 284.05141 1.41499
146.92534 256.6698 1.13054
218.00621 277.6905 1.04446
277.4079 169.93488 1.31965
170.73168 108.76837 1.28718
65.58097 96.01891 1.27659
230.76858 87.77804 1.11551
244.65106 128.02553 1.80634
223.46474 281.34219 1.75714
198.51661 162.64663 1.36771
172.45675 273.83721 1.56467
236.45197 122.70389 1.24027
224.84295 170.57984 1.32723
85.60593 165.18347 1.76865
20.08077 283.28459 1.1819
102.98974 214.85343 1.30919
284.13547 192.05559 1.26471
264.88446 128.49022 1.14788
178.57439 202.8046 1.81775
62.59676 80.59128 1.49789
297.59227 275.13508 1.41684
13.9138 166.77341 1.84397
202.52911 248.84267 1.63014
189.93683 119.22118 1.02917
48.518 105.63926 1.19743
170.16394 118.73546 1.74255
151.74502 218.93186 1.49981
250.35189 246.40179 1.31459
58.72544 80.41973 1.03978
212.99215 233.67541 1.75044
263.10551 237.97154 1.90784
186.95562 280.02339 1.0551
48.08314 222.87457 1.90792
77.18367 250.41316 1.85113
276.95546 207.23984 1.9524
55.39424 250.54741 1.08103
172.56378 294.71296 1.35477
137.18923 218.16625 1.11349
44.58848 87.40177 1.37328
198.50392 170.59951 1.04624
132.1346 174.68928 1.46118
260.50035 292.69768 1.57338
1.26491 88.81051 1.7776
254.88729 79.27937 1.35171
249.06984 226.50018 1.06772
132.4258 170.6194 1.60076
44.17335 210.78673 1.91525
80.70268 184.66663 1.4938
218.17535 237.37761 1.34612
193.77308 290.92909 1.41724
6.18516 87.96549 1.94463
262.22455 80.22818 1.3291
128.32991 167.9333 1.76211
269.56468 79.04511 1.10299
39.0426 154.56662 1.83613
118.50947 150.90374 1.39155
110.04432 116.36629 1.62937
169.42247 209.70088 1.70866
174.54134 112.60636 1.04872
290.04226 210.67391 1.41875
186.38602 241.29445 1.71251
47.54746 185.08712 1.9137
232.00699 218.13093 1.24941
86.23174 233.93849 1.35269
263.16166 94.59308 1.89575
149.33652 129.66985 1.18757
228.34374 162.03074 1.76902
67.98743 107.20009 1.76292
68.83656 193.18353 1.80938
250.90265 208.59893 1.18135
115.11193 160.26714 1.09187
42.02448 165.77469 1.8728
192.18557 89.28064 1.35678
91.74846 115.49882 1.66995
18.51309 85.39895 1.47894
71.85667 178.43179 1.35055
276.37047 144.87751 1.55196
161.37156 254.51337 1.42515
127.41704 105.64237 1.3352
212.06072 267.69964 1.57451
12.14448 109.22586 1.24114
133.34454 142.38151 1.07195
192.19673 226.27039 1.46165
171.4979 134.44286 1.29705
277.60156 285.69247 1.39631
262.83755 162.07583 1.31097
215.10104 92.48774 1.39126
128.79242 212.20078 1.24396
22.00295 221.25739 1.21428
199.56894 120.98523 1.11054
226.68252 209.96959 1.94401
174.82991 231.45408 1.67357
213.21684 226.54644 1.96281
148.10734 247.41517 1.94372
10.48705 287.48252 1.36658
274.67289 247.67099 1.17567
273.59096 271.9551 1.9938
276.43082 154.10974 1.93981
182.91344 281.59039 1.34694
80.52031 251.43149 1.28604
140.33547 187.60341 1.63971
166.59174 204.55733 1.26463
129.25671 190.0672 1.43841
285.46882 128.9963 1.01234
219.64537 280.87715 1.68486
4.54599 253.39609 1.83606
284.45775 95.93893 1.04176
242.50133 174.29064 1.19463
284.74732 144.42061 1.43192
279.39461 186.99306 1.36219
276.86925 294.87286 1.14364
167.13509 108.96575 1.42724
71.79233 209.49347 1.10167
107.09202 213.23315 1.83733
87.22559 109.3618 1.94068
102.90328 277.49843 1.191
256.24997 220.15869 1.81043
178.00528 211.5227 1.96356
3.72133 234.6309 1.344
294.94397 77.19954 1.12155
275.81746 192.98275 1.90252
232.63251 296.94756 1.84969
232.04562 143.94003 1.47781
256.53008 237.91237 1.43364
230.33561 82.23955 1.97482
53.41618 277.39065 1.46223
129.08366 202.97626 1.42607
293.57567 83.84415 1.08657
175.14074 297.96783 1.17221
73.04102 116.88923 1.31532
289.84754 121.91705 1.86734
136.30014 145.4151 1.95584
224.11211 275.00537 1.66673
246.05107 115.04288 1.37343
27.68158 203.57677 1.31334
226.14011 99.56678 1.62706
135.79509 197.88751 1.70772
61.14001 129.46317 1.19048
130.00363 96.3318 1.16346
7.70012 278.99109 1.79644
211.15154 80.56279 1.82877
34.78126 182.02625 1.74017
85.06358 134.51791 1.7333
290.106 286.67599 1.0579
68.61375 237.89552 1.65744
83.74239 272.4186 1.06935
268.9447 90.04817 1.8596
71.8865 219.33981 1.13449
21.85913 114.04058 1.05178
145.34008 99.22483 1.10408
74.32646 287.45314 1.76333
160.42491 197.51056 1.64313
244.00704 246.89987 1.90622
178.92768 280.475 1.82237
118.1202 251.42188 1.42782
114.41204 196.54578 1.58854
152.82608 100.46823 1.40855
147.34836 240.39536 1.19433
115.47357 113.18062 1.00573
55.63662 116.2427 1.86368
Switches 2
180 180
300 180
Grounds 300
-0.5 -0.5 -0.5 0.5 0.5 -0.5 0.5 0.5
0.5 -0.5 0.5 0.5 1.5 -0.5 1.5 0.5
1.5 -0.5 1.5 0.5 2.5 -0.5 2.5 0.5
2.5 -0.5 2.5 0.5 3.5 -0.5 3.5 0.5
3.5 -0.5 3.5 0.5 4.5 -0.5 4.5 0.5
4.5 -0.5 4.5 0.5 5.5 -0.5 5.5 0.5
5.5 -0.5 5.5 0.5 6.5 -0.5 6.5 0.5
6.5 -0.5 6.5 0.5 7.5 -0.5 7.5 0.5
7.5 -0.5 7.5 0.5 8.5 -0.5 8.5 0.5
8.5 -0.5 8.5 0.5 9.5 -0.5 9.5 0.5
9.5 -0.5 9.5 0.5 10.5 -0.5 10.5 0.5
10.5 -0.5 10.5 0.5 11.5 -0.5 11.5 0.5
11.5 -0.5 11.5 0.5 12.5 -0.5 12.5 0.5
12.5 -0.5 12.5 0.5 13.5 -0.5 13.5 0.5
13.5 -0.5 13.5 0.5 14.5 -0.5 14.5 0.5
14.5 -0.5 14.5 0.5 15.5 -0.5 15.5 0.5
15.5 -0.5 15.5 0.5 16.5 -0.5 16.5 0.5
16.5 -0.5 16.5 0.5 17.5 -0.5 17.5 0.5
17.5 -0.5 17.5 0.5 18.5 -0.5 18.5 0.5
18.5 -0.5 18.5 0.5 19.5 -0.5 19.5 0.5
19.5 -0.5 19.5 0.5 20.5 -0.5 20.5 0.5
20.5 -0.5 20.5 0.5 21.5 -0.5 21.5 0.5
21.5 -0.5 21.5 0.5 22.5 -0.5 22.5 0.5
22.5 -0.5 22.5 0.5 23.5 -0.5 23.5 0.5
23.5 -0.5 23.5 0.5 24.5 -0.5 24.5 0.5
24.5 -0.5 24.5 0.5 25.5 -0.5 25.5 0.5
25.5 -0.5 25.5 0.5 26.5 -0.5 26.5 0.5
26.5 -0.5 26.5 0.5 27.5 -0.5 27.5 0.5
27.5 -0.5 27.5 0.5 28.5 -0.5 28.5 0.5
28.5 -0.5 28.5 0.5 29.5 -0.5 29.5 0.5
29.5 -0.5 29.5 0.5 30.5 -0.5 30.5 0.5
30.5 -0.5 30.5 0.5 31.5 -0.5 31.5 0.5
31.5 -0.5 31.5 0.5 32.5 -0.5 32.5 0.5
32.5 -0.5 32.5 0.5 33.5 -0.5 33.5 0.5
33.5 -0.5 33.5 0.5 34.5 -0.5 34.5 0.5
34.5 -0.5 34.5 0.5 35.5 -0.5 35.5 0.5
35.5 -0.5 35.5 0.5 36.5 -0.5 36.5 0.5
36.5 -0.5 36.5 0.5 37.5 -0.5 37.5 0.5
37.5 -0.5 37.5 0.5 38.5 -0.5 38.5 0.5
38.5 -0.5 38.5 0.5 39.5 -0.5 39.5 0.5
39.5 -0.5 39.5 0.5 40.5 -0.5 40.5 0.5
40.5 -0.5 40.5 0.5 41.5 -0.5 41.5 0.5
41.5 -0.5 41.5 0.5 42.5 -0.5 42.5 0.5
42.5 -0.5 42.5 0.5 43.5 -0.5 43.5 0.5
43.5 -0.5 43.5 0.5 44.5 -0.5 44.5 0.5
44.5 -0.5 44.5 0.5 45.5 -0.5 45.5 0.5
45.5 -0.5 45.5 0.5 46.5 -0.5 46.5 0.5
46.5 -0.5 46.5 0.5 47.5 -0.5 47.5 0.5
47.5 -0.5 47.5 0.5 48.5 -0.5 48.5 0.5
48.5 -0.5 48.5 0.5 49.5 -0.5 49.5 0.5
49.5 -0.5 49.5 0.5 50.5 -0.5 50.5 0.5
50.5 -0.5 50.5 0.5 51.5 -0.5 51.5 0.5
51.5 -0.5 51.5 0.5 52.5 -0.5 52.5 0.5
52.5 -0.5 52.5 0.5 53.5 -0.5 53.5 0.5
53.5 -0.5 53.5 0.5 54.5 -0.5 54.5 0.5
54.5 -0.5 54.5 0.5 55.5 -0.5 55.5 0.5
55.5 -0.5 55.5 0.5 56.5 -0.5 56.5 0.5
56.5 -0.5 56.5 0.5 57.5 -0.5 57.5 0.5
57.5 -0.5 57.5 0.5 58.5 -0.5 58.5 0.5
58.5 -0.5 58.5 0.5 59.5 -0.5 59.5 0.5
59.5 -0.5 59.5 0.5 60.5 -0.5 60.5 0.5
60.5 -0.5 60.5 0.5 61.5 -0.5 61.5 0.5
61.5 -0.5 61.5 0.5 62.5 -0.5 62.5 0.5
62.5 -0.5 62.5 0.5 63.5 -0.5 63.5 0.5
63.5 -0.5 63.5 0.5 64.5 -0.5 64.5 0.5
64.5 -0.5 64.5 0.5 65.5 -0.5 65.5 0.5
65.5 -0.5 65.5 0.5 66.5 -0.5 66.5 0.5
66.5 -0.5 66.5 0.5 67.5 -0.5 67.5 0.5
67.5 -0.5 67.5 0.5 68.5 -0.5 68.5 0.5
68.5 -0.5 68.5 0.5 69.5 -0.5 69.5 0.5
69.5 -0.5 69.5 0.5 70.5 -0.5 70.5 0.5
70.5 -0.5 70.5 0.5 71.5 -0.5 71.5 0.5
71.5 -0.5 71.5 0.5 72.5 -0.5 72.5 0.5
72.5 -0.5 72.5 0.5 73.5 -0.5 73.5 0.5
73.5 -0.5 73.5 0.5 74.5 -0.5 74.5 0.5
74.5 -0.5 74.5 0.5 75.5 -0.5 75.5 0.5
75.5 -0.5 75.5 0.5 76.5 -0.5 76.5 0.5
76.5 -0.5 76.5 0.5 77.5 -0.5 77.5 0.5
77.5 -0.5 77.5 0.5 78.5 -0.5 78.5 0.5
78.5 -0.5 78.5 0.5 79.5 -0.5 79.5 0.5
79.5 -0.5 79.5 0.5 80.5 -0.5 80.5 0.5
80.5 -0.5 80.5 0.5 81.5 -0.5 81.5 0.5
81.5 -0.5 81.5 0.5 82.5 -0.5 82.5 0.5
82.5 -0.5 82.5 0.5 83.5 -0.5 83.5 0.5
83.5 -0.5 83.5 0.5 84.5 -0.5 84.5 0.5
84.5 -0.5 84.5 0.5 85.5 -0.5 85.5 0.5
85.5 -0.5 85.5 0.5 86.5 -0.5 86.5 0.5
86.5 -0.5 86.5 0.5 87.5 -0.5 87.5 0.5
87.5 -0.5 87.5 0.5 88.5 -0.5 88.5 0.5
88.5 -0.5 88.5 0.5 89.5 -0.5 89.5 0.5
89.5 -0.5 89.5 0.5 90.5 -0.5 90.5 0.5
90.5 -0.5 90.5 0.5 91.5 -0.5 91.5 0.5
91.5 -0.5 91.5 0.5 92.5 -0.5 92.5 0.5
92.5 -0.5 92.5 0.5 93.5 -0.5 93.5 0.5
93.5 -0.5 93.5 0.5 94.5 -0.5 94.5 0.5
94.5 -0.5 94.5 0.5 95.5 -0.5 95.5 0.5
95.5 -0.5 95.5 0.5 96.5 -0.5 96.5 0.5
96.5 -0.5 96.5 0.5 97.5 -0.5 97.5 0.5
97.5 -0.5 97.5 0.5 98.5 -0.5 98.5 0.5
98.5 -0.5 98.5 0.5 99.5 -0.5 99.5 0.5
99.5 -0.5 99.5 0.5 100.5 -0.5 100.5 0.5
100.5 -0.5 100.5 0.5 101.5 -0.5 101.5 0.5
101.5 -0.5 101.5 0.5 102.5 -0.5 102.5 0.5
102.5 -0.5 102.5 0.5 103.5 -0.5 103.5 0.5
103.5 -0.5 103.5 0.5 104.5 -0.5 104.5 0.5
104.5 -0.5 104.5 0.5 105.5 -0.5 105.5 0.5
105.5 -0.5 105.5 0.5 106.5 -0.5 106.5 0.5
106.5 -0.5 106.5 0.5 107.5 -0.5 107.5 0.5
107.5 -0.5 107.5 0.5 108.5 -0.5 108.5 0.5
108.5 -0.5 108.5 0.5 109.5 -0.5 109.5 0.5
109.5 -0.5 109.5 0.5 110.5 -0.5 110.5 0.5
110.5 -0.5 110.5 0.5 111.5 -0.5 111.5 0.5
111.5 -0.5 111.5 0.5 112.5 -0.5 112.5 0.5
112.5 -0.5 112.5 0.5 113.5 -0.5 113.5 0.5
113.5 -0.5 113.5 0.5 114.5 -0.5 114.5 0.5
114.5 -0.5 114.5 0.5 115.5 -0.5 115.5 0.5
115.5 -0.5 115.5 0.5 116.5 -0.5 116.5 0.5
116.5 -0.5 116.5 0.5 117.5 -0.5 117.5 0.5
117.5 -0.5 117.5 0.5 118.5 -0.5 118.5 0.5
118.5 -0.5 118.5 0.5 119.5 -0.5 119.5 0.5
119.5 -0.5 119.5 0.5 120.5 -0.5 120.5 0.5
120.5 -0.5 120.5 0.5 121.5 -0.5 121.5 0.5
121.5 -0.5 121.5 0.5 122.5 -0.5 122.5 0.5
122.5 -0.5 122.5 0.5 123.5 -0.5 123.5 0.5
123.5 -0.5 123.5 0.5 124.5 -0.5 124.5 0.5
124.5 -0.5 124.5 0.5 125.5 -0.5 125.5 0.5
125.5 -0.5 125.5 0.5 126.5 -0.5 126.5 0.5
126.5 -0.5 126.5 0.5 127.5 -0.5 127.5 0.5
127.5 -0.5 127.5 0.5 128.5 -0.5 128.5 0.5
128.5 -0.5 128.5 0.5 129.5 -0.5 129.5 0.5
129.5 -0.5 129.5 0.5 130.5 -0.5 130.5 0.5
130.5 -0.5 130.5 0.5 131.5 -0.5 131.5 0.5
131.5 -0.5 131.5 0.5 132.5 -0.5 132.5 0.5
132.5 -0.5 132.5 0.5 133.5 -0.5 133.5 0.5
133.5 -0.5 133.5 0.5 134.5 -0.5 134.5 0.5
134.5 -0.5 134.5 0.5 135.5 -0.5 135.5 0.5
135.5 -0.5 135.5 0.5 136.5 -0.5 136.5 0.5
136.5 -0.5 136.5 0.5 137.5 -0.5 137.5 0.5
137.5 -0.5 137.5 0.5 138.5 -0.5 138.5 0.5
138.5 -0.5 138.5 0.5 139.5 -0.5 139.5 0.5
139.5 -0.5 139.5 0.5 140.5 -0.5 140.5 0.5
140.5 -0.5 140.5 0.5 141.5 -0.5 141.5 0.5
141.5 -0.5 141.5 0.5 142.5 -0.5 142.5 0.5
142.5 -0.5 142.5 0.5 143.5 -0.5 143.5 0.5
143.5 -0.5 143.5 0.5 144.5 -0.5 144.5 0.5
144.5 -0.5 144.5 0.5 145.5 -0.5 145.5 0.5
145.5 -0.5 145.5 0.5 146.5 -0.5 146.5 0.5
146.5 -0.5 146.5 0.5 147.5 -0.5 147.5 0.5
147.5 -0.5 147.5 0.5 148.5 -0.5 148.5 0.5
148.5 -0.5 148.5 0.5 149.5 -0.5 149.5 0.5
149.5 -0.5 149.5 0.5 150.5 -0.5 150.5 0.5
150.5 -0.5 150.5 0.5 151.5 -0.5 151.5 0.5
151.5 -0.5 151.5 0.5 152.5 -0.5 152.5 0.5
152.5 -0.5 152.5 0.5 153.5 -0.5 153.5 0.5
153.5 -0.5 153.5 0.5 154.5 -0.5 154.5 0.5
154.5 -0.5 154.5 0.5 155.5 -0.5 155.5 0.5
155.5 -0.5 155.5 0.5 156.5 -0.5 156.5 0.5
156.5 -0.5 156.5 0.5 157.5 -0.5 157.5 0.5
157.5 -0.5 157.5 0.5 158.5 -0.5 158.5 0.5
158.5 -0.5 158.5 0.5 159.5 -0.5 159.5 0.5
159.5 -0.5 159.5 0.5 160.5 -0.5 160.5 0.5
160.5 -0.5 160.5 0.5 161.5 -0.5 161.5 0.5
161.5 -0.5 161.5 0.5 162.5 -0.5 162.5 0.5
162.5 -0.5 162.5 0.5 163.5 -0.5 163.5 0.5
163.5 -0.5 163.5 0.5 164.5 -0.5 164.5 0.5
164.5 -0.5 164.5 0.5 165.5 -0.5 165.5 0.5
165.5 -0.5 165.5 0.5 166.5 -0.5 166.5 0.5
166.5 -0.5 166.5 0.5 167.5 -0.5 167.5 0.5
167.5 -0.5 167.5 0.5 168.5 -0.5 168.5 0.5
168.5 -0.5 168.5 0.5 169.5 -0.5 169.5 0.5
169.5 -0.5 169.5 0.5 170.5 -0.5 170.5 0.5
170.5 -0.5 170.5 0.5 171.5 -0.5 171.5 0.5
171.5 -0.5 171.5 0.5 172.5 -0.5 172.5 0.5
172.5 -0.5 172.5 0.5 173.5 -0.5 173.5 0.5
173.5 -0.5 173.5 0.5 174.5 -0.5 174.5 0.5
174.5 -0.5 174.5 0.5 175.5 -0.5 175.5 0.5
175.5 -0.5 175.5 0.5 176.5 -0.5 176.5 0.5
176.5 -0.5 176.5 0.5 177.5 -0.5 177.5 0.5
177.5 -0.5 177.5 0.5 178.5 -0.5 178.5 0.5
178.5 -0.5 178.5 0.5 179.5 -0.5 179.5 0.5
179.5 -0.5 179.5 0.5 180.5 -0.5 180.5 0.5
180.5 -0.5 180.5 0.5 181.5 -0.5 181.5 0.5
181.5 -0.5 181.5 0.5 182.5 -0.5 182.5 0.5
182.5 -0.5 182.5 0.5 183.5 -0.5 183.5 0.5
183.5 -0.5 183.5 0.5 184.5 -0.5 184.5 0.5
184.5 -0.5 184.5 0.5 185.5 -0.5 185.5 0.5
185.5 -0.5 185.5 0.5 186.5 -0.5 186.5 0.5
186.5 -0.5 186.5 0.5 187.5 -0.5 187.5 0.5
187.5 -0.5 187.5 0.5 188.5 -0.5 188.5 0.5
188.5 -0.5 188.5 0.5 189.5 -0.5 189.5 0.5
189.5 -0.5 189.5 0.5 190.5 -0.5 190.5 0.5
190.5 -0.5 190.5 0.5 191.5 -0.5 191.5 0.5
191.5 -0.5 191.5 0.5 192.5 -0.5 192.5 0.5
192.5 -0.5 192.5 0.5 193.5 -0.5 193.5 0.5
193.5 -0.5 193.5 0.5 194.5 -0.5 194.5 0.5
194.5 -0.5 194.5 0.5 195.5 -0.5 195.5 0.5
195.5 -0.5 195.5 0.5 196.5 -0.5 196.5 0.5
196.5 -0.5 196.5 0.5 197.5 -0.5 197.5 0.5
197.5 -0.5 197.5 0.5 198.5 -0.5 198.5 0.5
198.5 -0.5 198.5 0.5 199.5 -0.5 199.5 0.5
199.5 -0.5 199.5 0.5 200.5 -0.5 200.5 0.5
200.5 -0.5 200.5 0.5 201.5 -0.5 201.5 0.5
201.5 -0.5 201.5 0.5 202.5 -0.5 202.5 0.5
202.5 -0.5 202.5 0.5 203.5 -0.5 203.5 0.5
203.5 -0.5 203.5 0.5 204.5 -0.5 204.5 0.5
204.5 -0.5 204.5 0.5 205.5 -0.5 205.5 0.5
205.5 -0.5 205.5 0.5 206.5 -0.5 206.5 0.5
206.5 -0.5 206.5 0.5 207.5 -0.5 207.5 0.5
207.5 -0.5 207.5 0.5 208.5 -0.5 208.5 0.5
208.5 -0.5 208.5 0.5 209.5 -0.5 209.5 0.5
209.5 -0.5 209.5 0.5 210.5 -0.5 210.5 0.5
210.5 -0.5 210.5 0.5 211.5 -0.5 211.5 0.5
211.5 -0.5 211.5 0.5 212.5 -0.5 212.5 0.5
212.5 -0.5 212.5 0.5 213.5 -0.5 213.5 0.5
213.5 -0.5 213.5 0.5 214.5 -0.5 214.5 0.5
214.5 -0.5 214.5 0.5 215.5 -0.5 215.5 0.5
215.5 -0.5 215.5 0.5 216.5 -0.5 216.5 0.5
216.5 -0.5 216.5 0.5 217.5 -0.5 217.5 0.5
217.5 -0.5 217.5 0.5 218.5 -0.5 218.5 0.5
218.5 -0.5 218.5 0.5 219.5 -0.5 219.5 0.5
219.5 -0.5 219.5 0.5 220.5 -0.5 220.5 0.5
220.5 -0.5 220.5 0.5 221.5 -0.5 221.5 0.5
221.5 -0.5 221.5 0.5 222.5 -0.5 222.5 0.5
222.5 -0.5 222.5 0.5 223.5 -0.5 223.5 0.5
223.5 -0.5 223.5 0.5 224.5 -0.5 224.5 0.5
224.5 -0.5 224.5 0.5 225.5 -0.5 225.5 0.5
225.5 -0.5 225.5 0.5 226.5 -0.5 226.5 0.5
226.5 -0.5 226.5 0.5 227.5 -0.5 227.5 0.5
227.5 -0.5 227.5 0.5 228.5 -0.5 228.5 0.5
228.5 -0.5 228.5 0.5 229.5 -0.5 229.5 0.5
229.5 -0.5 229.5 0.5 230.5 -0.5 230.5 0.5
230.5 -0.5 230.5 0.5 231.5 -0.5 231.5 0.5
231.5 -0.5 231.5 0.5 232.5 -0.5 232.5 0.5
232.5 -0.5 232.5 0.5 233.5 -0.5 233.5 0.5
233.5 -0.5 233.5 0.5 234.5 -0.5 234.5 0.5
234.5 -0.5 234.5 0.5 235.5 -0.5 235.5 0.5
235.5 -0.5 235.5 0.5 236.5 -0.5 236.5 0.5
236.5 -0.5 236.5 0.5 237.5 -0.5 237.5 0.5
237.5 -0.5 237.5 0.5 238.5 -0.5 238.5 0.5
238.5 -0.5 238.5 0.5 239.5 -0.5 239.5 0.5
239.5 -0.5 239.5 0.5 240.5 -0.5 240.5 0.5
240.5 -0.5 240.5 0.5 241.5 -0.5 241.5 0.5
241.5 -0.5 241.5 0.5 242.5 -0.5 242.5 0.5
242.5 -0.5 242.5 0.5 243.5 -0.5 243.5 0.5
243.5 -0.5 243.5 0.5 244.5 -0.5 244.5 0.5
244.5 -0.5 244.5 0.5 245.5 -0.5 245.5 0.5
245.5 -0.5 245.5 0.5 246.5 -0.5 246.5 0.5
246.5 -0.5 246.5 0.5 247.5 -0.5 247.5 0.5
247.5 -0.5 247.5 0.5 248.5 -0.5 248.5 0.5
248.5 -0.5 248.5 0.5 249.5 -0.5 249.5 0.5
249.5 -0.5 249.5 0.5 250.5 -0.5 250.5 0.5
250.5 -0.5 250.5 0.5 251.5 -0.5 251.5 0.5
251.5 -0.5 251.5 0.5 252.5 -0.5 252.5 0.5
252.5 -0.5 252.5 0.5 253.5 -0.5 253.5 0.5
253.5 -0.5 253.5 0.5 254.5 -0.5 254.5 0.5
254.5 -0.5 254.5 0.5 255.5 -0.5 255.5 0.5
255.5 -0.5 255.5 0.5 256.5 -0.5 256.5 0.5
256.5 -0.5 256.5 0.5 257.5 -0.5 257.5 0.5
257.5 -0.5 257.5 0.5 258.5 -0.5 258.5 0.5
258.5 -0.5 258.5 0.5 259.5 -0.5 259.5 0.5
259.5 -0.5 259.5 0.5 260.5 -0.5 260.5 0.5
260.5 -0.5 260.5 0.5 261.5 -0.5 261.5 0.5
261.5 -0.5 261.5 0.5 262.5 -0.5 262.5 0.5
262.5 -0.5 262.5 0.5 263.5 -0.5 263.5 0.5
263.5 -0.5 263.5 0.5 264.5 -0.5 264.5 0.5
264.5 -0.5 264.5 0.5 265.5 -0.5 265.5 0.5
265.5 -0.5 265.5 0.5 266.5 -0.5 266.5 0.5
266.5 -0.5 266.5 0.5 267.5 -0.5 267.5 0.5
267.5 -0.5 267.5 0.5 268.5 -0.5 268.5 0.5
268.5 -0.5 268.5 0.5 269.5 -0.5 269.5 0.5
269.5 -0.5 269.5 0.5 270.5 -0.5 270.5 0.5
270.5 -0.5 270.5 0.5 271.5 -0.5 271.5 0.5
271.5 -0.5 271.5 0.5 272.5 -0.5 272.5 0.5
272.5 -0.5 272.5 0.5 273.5 -0.5 273.5 0.5
273.5 -0.5 273.5 0.5 274.5 -0.5 274.5 0.5
274.5 -0.5 274.5 0.5 275.5 -0.5 275.5 0.5
275.5 -0.5 275.5 0.5 276.5 -0.5 276.5 0.5
276.5 -0.5 276.5 0.5 277.5 -0.5 277.5 0.5
277.5 -0.5 277.5 0.5 278.5 -0.5 278.5 0.5
278.5 -0.5 278.5 0.5 279.5 -0.5 279.5 0.5
279.5 -0.5 279.5 0.5 280.5 -0.5 280.5 0.5
280.5 -0.5 280.5 0.5 281.5 -0.5 281.5 0.5
281.5 -0.5 281.5 0.5 282.5 -0.5 282.5 0.5
282.5 -0.5 282.5 0.5 283.5 -0.5 283.5 0.5
283.5 -0.5 283.5 0.5 284.5 -0.5 284.5 0.5
284.5 -0.5 284.5 0.5 285.5 -0.5 285.5 0.5
285.5 -0.5 285.5 0.5 286.5 -0.5 286.5 0.5
286.5 -0.5 286.5 0.5 287.5 -0.5 287.5 0.5
287.5 -0.5 287.5 0.5 288.5 -0.5 288.5 0.5
288.5 -0.5 288.5 0.5 289.5 -0.5 289.5 0.5
289.5 -0.5 289.5 0.5 290.5 -0.5 290.5 0.5
290.5 -0.5 290.5 0.5 291.5 -0.5 291.5 0.5
291.5 -0.5 291.5 0.5 292.5 -0.5 292.5 0.5
292.5 -0.5 292.5 0.5 293.5 -0.5 293.5 0.5
293.5 -0.5 293.5 0.5 294.5 -0.5 294.5 0.5
294.5 -0.5 294.5 0.5 295.5 -0.5 295.5 0.5
295.5 -0.5 295.5 0.5 296.5 -0.5 296.5 0.5
296.5 -0.5 296.5 0.5 297.5 -0.5 297.5 0.5
297.5 -0.5 297.5 0.5 298.5 -0.5 298.5 0.5
298.5 -0.5 298.5 0.5 299.5 -0.5 299.5 0.5