Landmarks 0
Trees 100
18.28919 245.73206 2.63914
113.21437 241.95614 1.71663
89.5968 221.70073 2.19686
32.37034 251.10211 1.89845
33.20225 264.91324 1.78211
207.59485 234.60721 2.66219
239.12462 238.08473 2.92939
203.29031 244.78892 1.75741
100.25793 254.79704 1.76873
60.20878 220.58962 2.63881
6.06261 252.72586 2.43416
132.66678 262.2959 1.84915
66.4008 235.21805 2.89375
46.07109 215.56742 2.46277
188.67978 254.72507 2.59101
241.56704 260.37539 2.13101
89.36174 236.07642 1.5394
193.16392 231.73421 2.83283
154.38549 217.43534 2.46227
82.62262 263.24339 1.53055
279.63068 237.64464 2.01893
23.0862 242.65156 1.57131
151.18445 255.37275 1.69775
52.79441 253.84372 2.15398
285.51364 253.55368 1.8155
179.4977 227.49682 2.96825
284.32357 213.79152 1.90619
186.03049 220.18626 2.45104
147.90976 226.15657 2.92708
216.95998 216.4122 2.90874
197.33858 222.09958 2.19371
205.80051 255.01303 2.87224
290.13587 237.71629 2.41679
159.21911 238.1194 1.98653
165.04457 260.82466 2.9278
261.54894 250.93903 2.63064
33.29769 234.62976 1.63936
183.20215 266.97004 2.1204
31.64363 216.73645 2.05721
142.50974 213.09998 2.47192
115.18606 233.72396 1.94119
200.43798 257.44068 2.3761
282.94294 242.32091 1.93702
135.93565 224.44525 2.90922
155.7984 225.10711 2.8197
158.18365 259.02472 2.6108
295.5859 260.97001 1.66761
233.55336 217.17501 1.92322
209.04019 260.08898 2.72678
140.51044 260.52641 1.67088
242.69782 213.2878 1.86613
87.22755 255.862 2.88642
184.94217 248.20422 2.14224
131.50243 237.88557 2.93898
124.83912 227.63194 2.77728
96.79977 263.75319 2.06231
260.6071 213.76603 2.26092
209.07956 222.37182 1.52698
251.66625 223.70008 1.72027
153.96661 252.20738 1.63663
199.85702 230.97366 2.354
165.89003 266.78708 1.91096
286.57986 224.98352 1.58898
253.8353 259.48924 1.92887
27.73081 228.5788 1.50599
62.45251 242.58249 2.08288
117.94958 247.82175 2.70264
182.58927 242.62892 2.61775
222.78122 217.96787 2.84988
171.13054 228.18187 2.89595
73.20821 223.06877 2.93286
169.73198 233.95563 2.17094
14.36346 259.11984 2.56346
14.22118 223.6233 1.88854
239.25429 233.37618 1.72019
112.32408 224.06171 2.76528
251.02588 236.08811 2.92105
227.76701 237.08503 2.86653
227.73494 263.14296 2.63867
220.50359 250.78608 1.75991
93.9179 230.68186 2.62732
159.33404 221.20747 2.0133
106.0306 252.64606 2.48753
59.52531 262.70583 2.93652
105.61383 257.85 2.72537
229.30855 227.95165 2.11751
57.56435 256.63741 1.88187
282.64191 222.94567 1.93906
177.59821 254.43681 2.45108
66.53829 260.93727 1.80962
24.37715 258.13467 2.8612
56.41814 238.25931 2.30879
34.03658 227.71548 2.44007
143.24043 266.33422 2.82523
277.58239 260.97018 2.69119
4.07188 223.79732 2.458
233.57143 222.02637 1.71905
142.8719 238.5891 2.43619
163.4822 245.65003 1.68276
169.79611 242.42852 2.84453
Platforms 70
236.90808 -10 236.90808 10 241.34116 -10 241.34116 10
236.90808 0 236.90808 20 241.34116 0 241.34116 20
236.90808 10 236.90808 30 241.34116 10 241.34116 30
236.90808 20 236.90808 40 241.34116 20 241.34116 40
236.90808 30 236.90808 50 241.34116 30 241.34116 50
236.90808 40 236.90808 60 241.34116 40 241.34116 60
236.90808 50 236.90808 70 241.34116 50 241.34116 70
236.90808 60 236.90808 80 241.34116 60 241.34116 80
236.90808 70 236.90808 90 241.34116 70 241.34116 90
236.90808 80 236.90808 100 241.34116 80 241.34116 100
289.34496 -10 289.34496 10 290.92678 -10 290.92678 10
289.34496 0 289.34496 20 290.92678 0 290.92678 20
289.34496 10 289.34496 30 290.92678 10 290.92678 30
289.34496 20 289.34496 40 290.92678 20 290.92678 40
289.34496 30 289.34496 50 290.92678 30 290.92678 50
289.34496 40 289.34496 60 290.92678 40 290.92678 60
289.34496 50 289.34496 70 290.92678 50 290.92678 70
289.34496 60 289.34496 80 290.92678 60 290.92678 80
289.34496 70 289.34496 90 290.92678 70 290.92678 90
289.34496 80 289.34496 100 290.92678 80 290.92678 100
158.57907 -10 158.57907 10 159.85915 -10 159.85915 10
158.57907 0 158.57907 20 159.85915 0 159.85915 20
158.57907 10 158.57907 30 159.85915 10 159.85915 30
158.57907 20 158.57907 40 159.85915 20 159.85915 40
158.57907 30 158.57907 50 159.85915 30 159.85915 50
158.57907 40 158.57907 60 159.85915 40 159.85915 60
158.57907 50 158.57907 70 159.85915 50 159.85915 70
158.57907 60 158.57907 80 159.85915 60 159.85915 80
158.57907 70 158.57907 90 159.85915 70 159.85915 90
158.57907 80 158.57907 100 159.85915 80 159.85915 100
129.46116 -10 129.46116 10 133.5437 -10 133.5437 10
129.46116 0 129.46116 20 133.5437 0 133.5437 20
129.46116 10 129.46116 30 133.5437 10 133.5437 30
129.46116 20 129.46116 40 133.5437 20 133.5437 40
129.46116 30 129.46116 50 133.5437 30 133.5437 50
129.46116 40 129.46116 60 133.5437 40 133.5437 60
129.46116 50 129.46116 70 133.5437 50 133.5437 70
129.46116 60 129.46116 80 133.5437 60 133.5437 80
129.46116 70 129.46116 90 133.5437 70 133.5437 90
129.46116 80 129.46116 100 133.5437 80 133.5437 100
54.9014 -10 54.9014 10 57.93488 -10 57.93488 10
54.9014 0 54.9014 20 57.93488 0 57.93488 20
54.9014 10 54.9014 30 57.93488 10 57.93488 30
54.9014 20 54.9014 40 57.93488 20 57.93488 40
54.9014 30 54.9014 50 57.93488 30 57.93488 50
54.9014 40 54.9014 60 57.93488 40 57.93488 60
54.9014 50 54.9014 70 57.93488 50 57.93488 70
54.9014 60 54.9014 80 57.93488 60 57.93488 80
54.9014 70 54.9014 90 57.93488 70 57.93488 90
54.9014 80 54.9014 100 57.93488 80 57.93488 100
140.88585 -10 140.88585 10 144.85795 -10 144.85795 10
140.88585 0 140.88585 20 144.85795 0 144.85795 20
140.88585 10 140.88585 30 144.85795 10 144.85795 30
140.88585 20 140.88585 40 144.85795 20 144.85795 40
140.88585 30 140.88585 50 144.85795 30 144.85795 50
140.88585 40 140.88585 60 144.85795 40 144.85795 60
140.88585 50 140.88585 70 144.85795 50 144.85795 70
140.88585 60 140.88585 80 144.85795 60 144.85795 80
140.88585 70 140.88585 90 144.85795 70 144.85795 90
140.88585 80 140.88585 100 144.85795 80 144.85795 100
168.31502 -10 168.31502 10 171.2772 -10 171.2772 10
168.31502 0 168.31502 20 171.2772 0 171.2772 20
168.31502 10 168.31502 30 171.2772 10 171.2772 30
168.31502 20 168.31502 40 171.2772 20 171.2772 40
168.31502 30 168.31502 50 171.2772 30 171.2772 50
168.31502 40 168.31502 60 171.2772 40 171.2772 60
168.31502 50 168.31502 70 171.2772 50 171.2772 70
168.31502 60 168.31502 80 171.2772 60 171.2772 80
168.31502 70 168.31502 90 171.2772 70 171.2772 90
168.31502 80 168.31502 100 171.2772 80 171.2772 100
Branches 200
267.54864 94.46443 1.01294
271.81012 247.68927 1.52693
133.743 216.19035 1.55515
46.4099 145.28277 1.7354
144.54266 123.93444 1.64213
122.62047 292.77225 1.18879
18.91948 267.85094 1.24428
138.55519 199.44319 1.86859
18.95322 217.81794 1.63005
6.8398 188.02457 1.17721
158.7604 159.43872 1.27305
30.30298 230.30351 1.79062
103.42846 112.5493 1.26579
245.95403 161.75771 1.57011
150.35533 151.00648 1.7491
39.44582 123.54602 1.87441
115.0783 138.32583 1.52837
297.5649 124.38335 1.1872
91.25865 269.0181 1.82566
295.72937 155.43146 1.52214
100.27489 207.5828 1.93082
286.84885 143.9533 1.34677
69.42331 288.1573 1.09341
35.12252 270.61322 1.17913
239.84636 126.06307 1.85369
155.2699 214.88562 1.09234
51.44421 240.69458 1.6094
58.94193 118.95737 1.66742
44.24219 250.31953 1.23285
268.5493 82.23817 1.69707
18.0006 160.76657 1.18229
44.10096 158.47703 1.4318
185.21485 272.298 1.85805
193.44293 223.09234 1.20456
4.18661 288.50618 1.52633
130.65481 83.20656 1.03146
244.34147 200.75171 1.61179
52.0538 232.08614 1.59869
84.70664 170.40088 1.16308
33.32159 107.75535 1.36113
98.34671 204.22774 1.12531
122.53097 256.69838 1.9632
284.8671 198.51837 1.57698
55.96847 109.56626 1.1834
167.56682 120.72724 1.87157
143.12487 252.59015 1.39347
211.80855 146.13264 1.2825
71.90828 229.60608 1.14133
296.59891 268.44459 1.99619
274.77078 209.86546 1.18856
85.01761 281.51962 1.82745
172.11025 259.74473 1.00783
84.81825 146.55441 1.82431
231.40707 176.23857 1.46219
154.00793 242.71783 1.09763
288.21986 107.10523 1.95564
289.86404 206.12761 1.73433
277.39504 211.60658 1.5408
15.03135 202.85602 1.08717
270.16049 98.77035 1.44696
158.20149 103.65853 1.65708
292.14559 267.27115 1.34095
107.32044 94.51676 1.70717
139.75574 225.57162 1.47124
291.73592 84.15438 1.1831
124.46112 202.55826 1.25776
43.75274 114.08335 1.38694
253.98499 173.53945 1.13488
58.61059 125.74765 1.29183
210.1701 274.51061 1.55221
17.91845 283.86221 1.75245
197.8822 77.08636 1.1755
111.94643 90.81547 1.23964
207.36283 80.97563 1.02787
59.64615 170.20824 1.46784
275.54525 180.03171 1.55964
87.3021 108.80014 1.4406
17.84255 183.774 1.33869
53.25882 180.66053 1.91932
157.37598 173.20297 1.43472
98.07309 106.37487 1.3053
49.84548 194.87488 1.84879
236.36309 201.21216 1.71781
202.56139 133.74799 1.38765
210.20036 77.47312 1.62242
6.13081 196.89397 1.81771
64.3615 243.00292 1.55947
1.8838 293.33364 1.73748
233.97604 230.39283 1.0699
75.81134 283.07974 1.41359
165.17396 184.17873 1.90066
84.31545 136.83981 1.37834
53.40258 120.99268 1.84991
254.73931 138.94792 1.61158
176.99674 77.76632 1.66999
228.10067 225.15933 1.75029
197.40918 181.45425 1.44181
232.58977 197.63657 1.09106
278.7182 283.69119 1.92602
276.192 139.56607 1.15158
18.28827 224.67137 1.10776
176.51728 214.92115 1.0116
86.94266 278.49339 1.50792
153.28898 290.27749 1.17614
129.10566 140.51893 1.84772
213.0307 102.57687 1.41998
182.47798 282.46832 1.17212
157.63214 77.16317 1.26688
222.50719 126.62851 1.54679
260.88128 270.45819 1.79278
276.03143 262.33109 1.54064
276.20911 89.44322 1.74808
151.74134 235.56364 1.4939
281.72666 126.94067 1.1092
277.31501 177.79001 1.2896
87.36641 297.30659 1.5569
281.86491 135.5518 1.03275
33.22151 130.09809 1.54095
118.27888 163.22382 1.30707
287.16416 158.55167 1.11516
89.33852 160.89955 1.09522
119.68002 274.41279 1.26367
162.19827 101.45848 1.05347
153.15046 278.81503 1.34353
181.32322 229.05539 1.59161
34.77342 277.56365 1.14307
43.86043 264.9235 1.21424
55.1626 222.59814 1.33143
42.21066 126.26463 1.52105
125.9407 245.23497 1.50991
151.84332 191.61032 1.41171
170.23723 80.45372 1.8413
259.9349 280.12461 1.65511
104.01836 159.79934 1.47082
122.77689 178.15198 1.58681
71.42842 99.21579 1.30444
217.42729 220.93279 1.49248
7.16209 143.0225 1.58513
272.21441 231.24395 1.03446
228.55559 248.88576 1.75848
267.74333 290.72494 1.32439
115.11794 291.98584 1.99397
103.03986 297.30961 1.39457
192.79828 123.16137 1.15264
90.9201 187.54911 1.56187
3.56572 111.20843 1.08652
9.38909 90.71012 1.47186
219.6342 96.91138 1.0456
146.98967 97.82438 1.8108
184.3664 227.89141 1.63329
51.18363 281.75137 1.56041
267.25398 106.02491 1.64362
141.27085 233.59763 1.05238
220.9584 192.26251 1.40739
198.59524 111.9971 1.36821
54.09462 208.48916 1.00552
54.11952 171.55645 1.13304
8.00342 128.89093 1.15837
58.2099 157.4463 1.09196
11.3554 195.34161 1.10508
10.80173 261.7446 1.65413
131.89724 195.67878 1.80398
212.81462 162.89171 1.53229
137.49236 249.51569 1.37254
64.21389 263.88272 1.66674
173.5654 126.91023 1.32232
268.22682 154.01796 1.93663
45.16648 190.5143 1.72838
280.86956 93.03248 1.86291
164.48806 187.71491 1.61902
213.67616 295.40544 1.02728
275.98606 194.70166 1.35042
142.94842 78.94574 1.28243
258.40163 119.94501 1.10342
17.07016 200.96847 1.41673
134.01792 99.4193 1.15131
157.88585 205.94244 1.35104
171.45101 278.70569 1.0618
116.98301 100.3865 1.47348
69.92792 232.04697 1.55111
246.31235 95.18964 1.22625
141.35808 268.09259 1.03853
207.5924 239.7801 1.80292
66.43647 288.11986 1.25765
105.7526 105.54019 1.40208
30.24814 250.12939 1.75688
45.49743 117.45917 1.49201
85.77519 263.06364 1.05418
128.04181 186.05001 1.64217
178.41485 226.10736 1.01376
106.74201 237.5989 1.75138
96.73931 162.13212 1.57349
23.55019 257.06382 1.03644
162.9164 84.57351 1.25418
183.58201 97.82056 1.89081
90.84602 254.33765 1.69269
227.57545 219.45742 1.90582
24.59909 114.371 1.56591
188.68595 271.46676 1.29649
258.4382 125.95615 1.39885
Switches 2
60 240
120 240
Grounds 300
-0.5 -0.5 -0.5 0.5 0.5 -0.5 0.5 0.5
0.5 -0.5 0.5 0.5 1.5 -0.5 1.5 0.5
1.5 -0.5 1.5 0.5 2.5 -0.5 2.5 0.5
2.5 -0.5 2.5 0.5 3.5 -0.5 3.5 0.5
3.5 -0.5 3.5 0.5 4.5 -0.5 4.5 0.5
4.5 -0.5 4.5 0.5 5.5 -0.5 5.5 0.5
5.5 -0.5 5.5 0.5 6.5 -0.5 6.5 0.5
6.5 -0.5 6.5 0.5 7.5 -0.5 7.5 0.5
7.5 -0.5 7.5 0.5 8.5 -0.5 8.5 0.5
8.5 -0.5 8.5 0.5 9.5 -0.5 9.5 0.5
9.5 -0.5 9.5 0.5 10.5 -0.5 10.5 0.5
10.5 -0.5 10.5 0.5 11.5 -0.5 11.5 0.5
11.5 -0.5 11.5 0.5 12.5 -0.5 12.5 0.5
12.5 -0.5 12.5 0.5 13.5 -0.5 13.5 0.5
13.5 -0.5 13.5 0.5 14.5 -0.5 14.5 0.5
14.5 -0.5 14.5 0.5 15.5 -0.5 15.5 0.5
15.5 -0.5 15.5 0.5 16.5 -0.5 16.5 0.5
16.5 -0.5 16.5 0.5 17.5 -0.5 17.5 0.5
17.5 -0.5 17.5 0.5 18.5 -0.5 18.5 0.5
18.5 -0.5 18.5 0.5 19.5 -0.5 19.5 0.5
19.5 -0.5 19.5 0.5 20.5 -0.5 20.5 0.5
20.5 -0.5 20.5 0.5 21.5 -0.5 21.5 0.5
21.5 -0.5 21.5 0.5 22.5 -0.5 22.5 0.5
22.5 -0.5 22.5 0.5 23.5 -0.5 23.5 0.5
23.5 -0.5 23.5 0.5 24.5 -0.5 24.5 0.5
24.5 -0.5 24.5 0.5 25.5 -0.5 25.5 0.5
25.5 -0.5 25.5 0.5 26.5 -0.5 26.5 0.5
26.5 -0.5 26.5 0.5 27.5 -0.5 27.5 0.5
27.5 -0.5 27.5 0.5 28.5 -0.5 28.5 0.5
28.5 -0.5 28.5 0.5 29.5 -0.5 29.5 0.5
29.5 -0.5 29.5 0.5 30.5 -0.5 30.5 0.5
30.5 -0.5 30.5 0.5 31.5 -0.5 31.5 0.5
31.5 -0.5 31.5 0.5 32.5 -0.5 32.5 0.5
32.5 -0.5 32.5 0.5 33.5 -0.5 33.5 0.5
33.5 -0.5 33.5 0.5 34.5 -0.5 34.5 0.5
34.5 -0.5 34.5 0.5 35.5 -0.5 35.5 0.5
35.5 -0.5 35.5 0.5 36.5 -0.5 36.5 0.5
36.5 -0.5 36.5 0.5 37.5 -0.5 37.5 0.5
37.5 -0.5 37.5 0.5 38.5 -0.5 38.5 0.5
38.5 -0.5 38.5 0.5 39.5 -0.5 39.5 0.5
39.5 -0.5 39.5 0.5 40.5 -0.5 40.5 0.5
40.5 -0.5 40.5 0.5 41.5 -0.5 41.5 0.5
41.5 -0.5 41.5 0.5 42.5 -0.5 42.5 0.5
42.5 -0.5 42.5 0.5 43.5 -0.5 43.5 0.5
43.5 -0.5 43.5 0.5 44.5 -0.5 44.5 0.5
44.5 -0.5 44.5 0.5 45.5 -0.5 45.5 0.5
45.5 -0.5 45.5 0.5 46.5 -0.5 46.5 0.5
46.5 -0.5 46.5 0.5 47.5 -0.5 47.5 0.5
47.5 -0.5 47.5 0.5 48.5 -0.5 48.5 0.5
48.5 -0.5 48.5 0.5 49.5 -0.5 49.5 0.5
49.5 -0.5 49.5 0.5 50.5 -0.5 50.5 0.5
50.5 -0.5 50.5 0.5 51.5 -0.5 51.5 0.5
51.5 -0.5 51.5 0.5 52.5 -0.5 52.5 0.5
52.5 -0.5 52.5 0.5 53.5 -0.5 53.5 0.5
53.5 -0.5 53.5 0.5 54.5 -0.5 54.5 0.5
54.5 -0.5 54.5 0.5 55.5 -0.5 55.5 0.5
55.5 -0.5 55.5 0.5 56.5 -0.5 56.5 0.5
56.5 -0.5 56.5 0.5 57.5 -0.5 57.5 0.5
57.5 -0.5 57.5 0.5 58.5 -0.5 58.5 0.5
58.5 -0.5 58.5 0.5 59.5 -0.5 59.5 0.5
59.5 -0.5 59.5 0.5 60.5 -0.5 60.5 0.5
60.5 -0.5 60.5 0.5 61.5 -0.5 61.5 0.5
61.5 -0.5 61.5 0.5 62.5 -0.5 62.5 0.5
62.5 -0.5 62.5 0.5 63.5 -0.5 63.5 0.5
63.5 -0.5 63.5 0.5 64.5 -0.5 64.5 0.5
64.5 -0.5 64.5 0.5 65.5 -0.5 65.5 0.5
65.5 -0.5 65.5 0.5 66.5 -0.5 66.5 0.5
66.5 -0.5 66.5 0.5 67.5 -0.5 67.5 0.5
67.5 -0.5 67.5 0.5 68.5 -0.5 68.5 0.5
68.5 -0.5 68.5 0.5 69.5 -0.5 69.5 0.5
69.5 -0.5 69.5 0.5 70.5 -0.5 70.5 0.5
70.5 -0.5 70.5 0.5 71.5 -0.5 71.5 0.5
71.5 -0.5 71.5 0.5 72.5 -0.5 72.5 0.5
72.5 -0.5 72.5 0.5 73.5 -0.5 73.5 0.5
73.5 -0.5 73.5 0.5 74.5 -0.5 74.5 0.5
74.5 -0.5 74.5 0.5 75.5 -0.5 75.5 0.5
75.5 -0.5 75.5 0.5 76.5 -0.5 76.5 0.5
76.5 -0.5 76.5 0.5 77.5 -0.5 77.5 0.5
77.5 -0.5 77.5 0.5 78.5 -0.5 78.5 0.5
78.5 -0.5 78.5 0.5 79.5 -0.5 79.5 0.5
79.5 -0.5 79.5 0.5 80.5 -0.5 80.5 0.5
80.5 -0.5 80.5 0.5 81.5 -0.5 81.5 0.5
81.5 -0.5 81.5 0.5 82.5 -0.5 82.5 0.5
82.5 -0.5 82.5 0.5 83.5 -0.5 83.5 0.5
83.5 -0.5 83.5 0.5 84.5 -0.5 84.5 0.5
84.5 -0.5 84.5 0.5 85.5 -0.5 85.5 0.5
85.5 -0.5 85.5 0.5 86.5 -0.5 86.5 0.5
86.5 -0.5 86.5 0.5 87.5 -0.5 87.5 0.5
87.5 -0.5 87.5 0.5 88.5 -0.5 88.5 0.5
88.5 -0.5 88.5 0.5 89.5 -0.5 89.5 0.5
89.5 -0.5 89.5 0.5 90.5 -0.5 90.5 0.5
90.5 -0.5 90.5 0.5 91.5 -0.5 91.5 0.5
91.5 -0.5 91.5 0.5 92.5 -0.5 92.5 0.5
92.5 -0.5 92.5 0.5 93.5 -0.5 93.5 0.5
93.5 -0.5 93.5 0.5 94.5 -0.5 94.5 0.5
94.5 -0.5 94.5 0.5 95.5 -0.5 95.5 0.5
95.5 -0.5 95.5 0.5 96.5 -0.5 96.5 0.5
96.5 -0.5 96.5 0.5 97.5 -0.5 97.5 0.5
97.5 -0.5 97.5 0.5 98.5 -0.5 98.5 0.5
98.5 -0.5 98.5 0.5 99.5 -0.5 99.5 0.5
99.5 -0.5 99.5 0.5 100.5 -0.5 100.5 0.5
100.5 -0.5 100.5 0.5 101.5 -0.5 101.5 0.5
101.5 -0.5 101.5 0.5 102.5 -0.5 102.5 0.5
102.5 -0.5 102.5 0.5 103.5 -0.5 103.5 0.5
103.5 -0.5 103.5 0.5 104.5 -0.5 104.5 0.5
104.5 -0.5 104.5 0.5 105.5 -0.5 105.5 0.5
105.5 -0.5 105.5 0.5 106.5 -0.5 106.5 0.5
106.5 -0.5 106.5 0.5 107.5 -0.5 107.5 0.5
107.5 -0.5 107.5 0.5 108.5 -0.5 108.5 0.5
108.5 -0.5 108.5 0.5 109.5 -0.5 109.5 0.5
109.5 -0.5 109.5 0.5 110.5 -0.5 110.5 0.5
110.5 -0.5 110.5 0.5 111.5 -0.5 111.5 0.5
111.5 -0.5 111.5 0.5 112.5 -0.5 112.5 0.5
112.5 -0.5 112.5 0.5 113.5 -0.5 113.5 0.5
113.5 -0.5 113.5 0.5 114.5 -0.5 114.5 0.5
114.5 -0.5 114.5 0.5 115.5 -0.5 115.5 0.5
115.5 -0.5 115.5 0.5 116.5 -0.5 116.5 0.5
116.5 -0.5 116.5 0.5 117.5 -0.5 117.5 0.5
117.5 -0.5 117.5 0.5 118.5 -0.5 118.5 0.5
118.5 -0.5 118.5 0.5 119.5 -0.5 119.5 0.5
119.5 -0.5 119.5 0.5 120.5 -0.5 120.5 0.5
120.5 -0.5 120.5 0.5 121.5 -0.5 121.5 0.5
121.5 -0.5 121.5 0.5 122.5 -0.5 122.5 0.5
122.5 -0.5 122.5 0.5 123.5 -0.5 123.5 0.5
123.5 -0.5 123.5 0.5 124.5 -0.5 124.5 0.5
124.5 -0.5 124.5 0.5 125.5 -0.5 125.5 0.5
125.5 -0.5 125.5 0.5 126.5 -0.5 126.5 0.5
126.5 -0.5 126.5 0.5 127.5 -0.5 127.5 0.5
127.5 -0.5 127.5 0.5 128.5 -0.5 128.5 0.5
128.5 -0.5 128.5 0.5 129.5 -0.5 129.5 0.5
129.5 -0.5 129.5 0.5 130.5 -0.5 130.5 0.5
130.5 -0.5 130.5 0.5 131.5 -0.5 131.5 0.5
131.5 -0.5 131.5 0.5 132.5 -0.5 132.5 0.5
132.5 -0.5 132.5 0.5 133.5 -0.5 133.5 0.5
133.5 -0.5 133.5 0.5 134.5 -0.5 134.5 0.5
134.5 -0.5 134.5 0.5 135.5 -0.5 135.5 0.5
135.5 -0.5 135.5 0.5 136.5 -0.5 136.5 0.5
136.5 -0.5 136.5 0.5 137.5 -0.5 137.5 0.5
137.5 -0.5 137.5 0.5 138.5 -0.5 138.5 0.5
138.5 -0.5 138.5 0.5 139.5 -0.5 139.5 0.5
139.5 -0.5 139.5 0.5 140.5 -0.5 140.5 0.5
140.5 -0.5 140.5 0.5 141.5 -0.5 141.5 0.5
141.5 -0.5 141.5 0.5 142.5 -0.5 142.5 0.5
142.5 -0.5 142.5 0.5 143.5 -0.5 143.5 0.5
143.5 -0.5 143.5 0.5 144.5 -0.5 144.5 0.5
144.5 -0.5 144.5 0.5 145.5 -0.5 145.5 0.5
145.5 -0.5 145.5 0.5 146.5 -0.5 146.5 0.5
146.5 -0.5 146.5 0.5 147.5 -0.5 147.5 0.5
147.5 -0.5 147.5 0.5 148.5 -0.5 148.5 0.5
148.5 -0.5 148.5 0.5 149.5 -0.5 149.5 0.5
149.5 -0.5 149.5 0.5 150.5 -0.5 150.5 0.5
150.5 -0.5 150.5 0.5 151.5 -0.5 151.5 0.5
151.5 -0.5 151.5 0.5 152.5 -0.5 152.5 0.5
152.5 -0.5 152.5 0.5 153.5 -0.5 153.5 0.5
153.5 -0.5 153.5 0.5 154.5 -0.5 154.5 0.5
154.5 -0.5 154.5 0.5 155.5 -0.5 155.5 0.5
155.5 -0.5 155.5 0.5 156.5 -0.5 156.5 0.5
156.5 -0.5 156.5 0.5 157.5 -0.5 157.5 0.5
157.5 -0.5 157.5 0.5 158.5 -0.5 158.5 0.5
158.5 -0.5 158.5 0.5 159.5 -0.5 159.5 0.5
159.5 -0.5 159.5 0.5 160.5 -0.5 160.5 0.5
160.5 -0.5 160.5 0.5 161.5 -0.5 161.5 0.5
161.5 -0.5 161.5 0.5 162.5 -0.5 162.5 0.5
162.5 -0.5 162.5 0.5 163.5 -0.5 163.5 0.5
163.5 -0.5 163.5 0.5 164.5 -0.5 164.5 0.5
164.5 -0.5 164.5 0.5 165.5 -0.5 165.5 0.5
165.5 -0.5 165.5 0.5 166.5 -0.5 166.5 0.5
166.5 -0.5 166.5 0.5 167.5 -0.5 167.5 0.5
167.5 -0.5 167.5 0.5 168.5 -0.5 168.5 0.5
168.5 -0.5 168.5 0.5 169.5 -0.5 169.5 0.5
169.5 -0.5 169.5 0.5 170.5 -0.5 170.5 0.5
170.5 -0.5 170.5 0.5 171.5 -0.5 171.5 0.5
171.5 -0.5 171.5 0.5 172.5 -0.5 172.5 0.5
172.5 -0.5 172.5 0.5 173.5 -0.5 173.5 0.5
173.5 -0.5 173.5 0.5 174.5 -0.5 174.5 0.5
174.5 -0.5 174.5 0.5 175.5 -0.5 175.5 0.5
175.5 -0.5 175.5 0.5 176.5 -0.5 176.5 0.5
176.5 -0.5 176.5 0.5 177.5 -0.5 177.5 0.5
177.5 -0.5 177.5 0.5 178.5 -0.5 178.5 0.5
178.5 -0.5 178.5 0.5 179.5 -0.5 179.5 0.5
179.5 -0.5 179.5 0.5 180.5 -0.5 180.5 0.5
180.5 -0.5 180.5 0.5 181.5 -0.5 181.5 0.5
181.5 -0.5 181.5 0.5 182.5 -0.5 182.5 0.5
182.5 -0.5 182.5 0.5 183.5 -0.5 183.5 0.5
183.5 -0.5 183.5 0.5 184.5 -0.5 184.5 0.5
184.5 -0.5 184.5 0.5 185.5 -0.5 185.5 0.5
185.5 -0.5 185.5 0.5 186.5 -0.5 186.5 0.5
186.5 -0.5 186.5 0.5 187.5 -0.5 187.5 0.5
187.5 -0.5 187.5 0.5 188.5 -0.5 188.5 0.5
188.5 -0.5 188.5 0.5 189.5 -0.5 189.5 0.5
189.5 -0.5 189.5 0.5 190.5 -0.5 190.5 0.5
190.5 -0.5 190.5 0.5 191.5 -0.5 191.5 0.5
191.5 -0.5 191.5 0.5 192.5 -0.5 192.5 0.5
192.5 -0.5 192.5 0.5 193.5 -0.5 193.5 0.5
193.5 -0.5 193.5 0.5 194.5 -0.5 194.5 0.5
194.5 -0.5 194.5 0.5 195.5 -0.5 195.5 0.5
195.5 -0.5 195.5 0.5 196.5 -0.5 196.5 0.5
196.5 -0.5 196.5 0.5 197.5 -0.5 197.5 0.5
197.5 -0.5 197.5 0.5 198.5 -0.5 198.5 0.5
198.5 -0.5 198.5 0.5 199.5 -0.5 199.5 0.5
199.5 -0.5 199.5 0.5 200.5 -0.5 200.5 0.5
200.5 -0.5 200.5 0.5 201.5 -0.5 201.5 0.5
201.5 -0.5 201.5 0.5 202.5 -0.5 202.5 0.5
202.5 -0.5 202.5 0.5 203.5 -0.5 203.5 0.5
203.5 -0.5 203.5 0.5 204.5 -0.5 204.5 0.5
204.5 -0.5 204.5 0.5 205.5 -0.5 205.5 0.5
205.5 -0.5 205.5 0.5 206.5 -0.5 206.5 0.5
206.5 -0.5 206.5 0.5 207.5 -0.5 207.5 0.5
207.5 -0.5 207.5 0.5 208.5 -0.5 208.5 0.5
208.5 -0.5 208.5 0.5 209.5 -0.5 209.5 0.5
209.5 -0.5 209.5 0.5 210.5 -0.5 210.5 0.5
210.5 -0.5 210.5 0.5 211.5 -0.5 211.5 0.5
211.5 -0.5 211.5 0.5 212.5 -0.5 212.5 0.5
212.5 -0.5 212.5 0.5 213.5 -0.5 213.5 0.5
213.5 -0.5 213.5 0.5 214.5 -0.5 214.5 0.5
214.5 -0.5 214.5 0.5 215.5 -0.5 215.5 0.5
215.5 -0.5 215.5 0.5 216.5 -0.5 216.5 0.5
216.5 -0.5 216.5 0.5 217.5 -0.5 217.5 0.5
217.5 -0.5 217.5 0.5 218.5 -0.5 218.5 0.5
218.5 -0.5 218.5 0.5 219.5 -0.5 219.5 0.5
219.5 -0.5 219.5 0.5 220.5 -0.5 220.5 0.5
220.5 -0.5 220.5 0.5 221.5 -0.5 221.5 0.5
221.5 -0.5 221.5 0.5 222.5 -0.5 222.5 0.5
222.5 -0.5 222.5 0.5 223.5 -0.5 223.5 0.5
223.5 -0.5 223.5 0.5 224.5 -0.5 224.5 0.5
224.5 -0.5 224.5 0.5 225.5 -0.5 225.5 0.5
225.5 -0.5 225.5 0.5 226.5 -0.5 226.5 0.5
226.5 -0.5 226.5 0.5 227.5 -0.5 227.5 0.5
227.5 -0.5 227.5 0.5 228.5 -0.5 228.5 0.5
228.5 -0.5 228.5 0.5 229.5 -0.5 229.5 0.5
229.5 -0.5 229.5 0.5 230.5 -0.5 230.5 0.5
230.5 -0.5 230.5 0.5 231.5 -0.5 231.5 0.5
231.5 -0.5 231.5 0.5 232.5 -0.5 232.5 0.5
232.5 -0.5 232.5 0.5 233.5 -0.5 233.5 0.5
233.5 -0.5 233.5 0.5 234.5 -0.5 234.5 0.5
234.5 -0.5 234.5 0.5 235.5 -0.5 235.5 0.5
235.5 -0.5 235.5 0.5 236.5 -0.5 236.5 0.5
236.5 -0.5 236.5 0.5 237.5 -0.5 237.5 0.5
237.5 -0.5 237.5 0.5 238.5 -0.5 238.5 0.5
238.5 -0.5 238.5 0.5 239.5 -0.5 239.5 0.5
239.5 -0.5 239.5 0.5 240.5 -0.5 240.5 0.5
240.5 -0.5 240.5 0.5 241.5 -0.5 241.5 0.5
241.5 -0.5 241.5 0.5 242.5 -0.5 242.5 0.5
242.5 -0.5 242.5 0.5 243.5 -0.5 243.5 0.5
243.5 -0.5 243.5 0.5 244.5 -0.5 244.5 0.5
244.5 -0.5 244.5 0.5 245.5 -0.5 245.5 0.5
245.5 -0.5 245.5 0.5 246.5 -0.5 246.5 0.5
246.5 -0.5 246.5 0.5 247.5 -0.5 247.5 0.5
247.5 -0.5 247.5 0.5 248.5 -0.5 248.5 0.5
248.5 -0.5 248.5 0.5 249.5 -0.5 249.5 0.5
249.5 -0.5 249.5 0.5 250.5 -0.5 250.5 0.5
250.5 -0.5 250.5 0.5 251.5 -0.5 251.5 0.5
251.5 -0.5 251.5 0.5 252.5 -0.5 252.5 0.5
252.5 -0.5 252.5 0.5 253.5 -0.5 253.5 0.5
253.5 -0.5 253.5 0.5 254.5 -0.5 254.5 0.5
254.5 -0.5 254.5 0.5 255.5 -0.5 255.5 0.5
255.5 -0.5 255.5 0.5 256.5 -0.5 256.5 0.5
256.5 -0.5 256.5 0.5 257.5 -0.5 257.5 0.5
257.5 -0.5 257.5 0.5 258.5 -0.5 258.5 0.5
258.5 -0.5 258.5 0.5 259.5 -0.5 259.5 0.5
259.5 -0.5 259.5 0.5 260.5 -0.5 260.5 0.5
260.5 -0.5 260.5 0.5 261.5 -0.5 261.5 0.5
261.5 -0.5 261.5 0.5 262.5 -0.5 262.5 0.5
262.5 -0.5 262.5 0.5 263.5 -0.5 263.5 0.5
263.5 -0.5 263.5 0.5 264.5 -0.5 264.5 0.5
264.5 -0.5 264.5 0.5 265.5 -0.5 265.5 0.5
265.5 -0.5 265.5 0.5 266.5 -0.5 266.5 0.5
266.5 -0.5 266.5 0.5 267.5 -0.5 267.5 0.5
267.5 -0.5 267.5 0.5 268.5 -0.5 268.5 0.5
268.5 -0.5 268.5 0.5 269.5 -0.5 269.5 0.5
269.5 -0.5 269.5 0.5 270.5 -0.5 270.5 0.5
270.5 -0.5 270.5 0.5 271.5 -0.5 271.5 0.5
271.5 -0.5 271.5 0.5 272.5 -0.5 272.5 0.5
272.5 -0.5 272.5 0.5 273.5 -0.5 273.5 0.5
273.5 -0.5 273.5 0.5 274.5 -0.5 274.5 0.5
274.5 -0.5 274.5 0.5 275.5 -0.5 275.5 0.5
275.5 -0.5 275.5 0.5 276.5 -0.5 276.5 0.5
276.5 -0.5 276.5 0.5 277.5 -0.5 277.5 0.5
277.5 -0.5 277.5 0.5 278.5 -0.5 278.5 0.5
278.5 -0.5 278.5 0.5 279.5 -0.5 279.5 0.5
279.5 -0.5 279.5 0.5 280.5 -0.5 280.5 0.5
280.5 -0.5 280.5 0.5 281.5 -0.5 281.5 0.5
281.5 -0.5 281.5 0.5 282.5 -0.5 282.5 0.5
282.5 -0.5 282.5 0.5 283.5 -0.5 283.5 0.5
283.5 -0.5 283.5 0.5 284.5 -0.5 284.5 0.5
284.5 -0.5 284.5 0.5 285.5 -0.5 285.5 0.5
285.5 -0.5 285.5 0.5 286.5 -0.5 286.5 0.5
286.5 -0.5 286.5 0.5 287.5 -0.5 287.5 0.5
287.5 -0.5 287.5 0.5 288.5 -0.5 288.5 0.5
288.5 -0.5 288.5 0.5 289.5 -0.5 289.5 0.5
289.5 -0.5 289.5 0.5 290.5 -0.5 290.5 0.5
290.5 -0.5 290.5 0.5 291.5 -0.5 291.5 0.5
291.5 -0.5 291.5 0.5 292.5 -0.5 292.5 0.5
292.5 -0.5 292.5 0.5 293.5 -0.5 293.5 0.5
293.5 -0.5 293.5 0.5 294.5 -0.5 294.5 0.5
294.5 -0.5 294.5 0.5 295.5 -0.5 295.5 0.5
295.5 -0.5 295.5 0.5 296.5 -0.5 296.5 0.5
296.5 -0.5 296.5 0.5 297.5 -0.5 297.5 0.5
297.5 -0.5 297.5 0.5 298.5 -0.5 298.5 0.5
298.5 -0.5 298.5 0.5 299.5 -0.5 299.5 0.5