Landmarks 0
Trees 100
89.81205 303.73069 2.09033
225.05706 317.48719 2.49024
204.37032 321.12946 2.09472
211.82624 298.59151 2.64226
157.61126 304.39776 1.91098
99.69201 322.21946 1.71237
108.53514 296.34718 2.29117
45.68053 289.3698 2.48976
192.72766 323.62932 2.61468
126.42676 305.2665 1.8188
153.4707 308.3108 2.39041
124.33502 291.93991 1.5418
295.04518 294.62318 2.77418
107.94275 283.67268 1.9641
72.38364 316.00872 2.7818
142.75602 323.75791 1.78151
178.60829 297.19866 2.51072
237.18426 312.88712 1.7172
234.88913 326.6133 2.42826
36.99722 306.8137 1.57878
116.6433 322.88834 2.49249
126.14034 310.51192 2.54283
52.84142 283.09 1.59775
280.16434 286.41494 1.51778
188.68585 313.30402 2.09657
273.57866 323.83887 1.6674
60.14629 275.75026 1.68405
69.98405 302.44321 1.95209
291.13433 320.99232 2.33983
49.79169 285.38772 1.94604
246.82155 291.00646 1.87337
162.45617 318.96117 2.9483
185.22434 294.6847 1.79424
234.81043 316.36606 1.65301
244.6049 309.14619 1.95803
88.93538 323.65406 1.56422
153.90352 291.33896 2.36
175.474 299.82451 1.50153
228.80555 294.13973 2.45389
223.44054 301.93705 1.51493
242.53024 300.70204 2.95151
190.38913 300.08278 2.86477
66.86304 280.66386 1.75986
200.85556 308.55162 1.689
170.43772 315.88425 2.30427
244.43699 274.79078 1.65596
8.62209 283.46278 2.0473
35.00578 293.36923 2.1082
18.09221 319.90313 2.88527
138.49083 277.55333 2.16441
189.7342 306.5847 2.34365
129.92794 323.82428 1.61892
192.53768 292.23096 2.70098
169.89794 292.59999 1.94924
226.86009 281.12232 1.73476
215.33979 281.01397 2.40329
269.60669 316.72938 2.90927
42.25096 312.04414 2.13062
27.66482 323.05752 1.52211
74.66066 285.62012 1.99108
263.21797 294.5144 1.56134
102.71437 276.67618 2.90929
24.54142 297.42919 1.88059
255.61648 288.57187 2.50214
32.63095 314.95657 2.91088
274.0038 301.47492 1.69649
150.1102 326.2021 2.34439
281.88502 296.09983 2.06966
229.40178 317.16467 1.54405
213.24679 275.54434 2.70766
124.70781 323.32351 1.69627
260.07601 321.35668 2.45278
282.97186 306.39278 2.58505
10.64156 302.52265 2.9377
229.27044 302.26075 1.76628
202.89868 279.24346 2.24567
78.24274 293.28053 2.3015
289.55877 325.16759 1.83503
253.57477 282.60558 2.73838
69.47479 309.96084 2.76891
31.09863 280.83899 1.80289
285.86886 275.77223 2.77984
207.81296 285.65396 2.3665
104.39102 313.62023 2.51314
122.85082 302.18938 2.89445
82.50233 326.41648 1.58783
258.88261 275.47875 2.84096
288.52836 286.74584 1.88127
207.82445 309.81247 1.63502
61.42699 286.58718 2.08812
168.34567 311.23125 2.46949
95.06761 275.47423 2.3132
77.73436 319.75294 1.84416
144.19047 273.23746 1.85436
273.00717 280.81225 1.55714
148.17212 317.96695 2.81588
24.75671 316.56506 2.50743
25.559 281.79373 2.9291
235.83303 298.24852 2.54057
106.96968 303.5387 2.41679
Platforms 80
209.59069 -10 209.59069 10 214.06179 -10 214.06179 10
209.59069 0 209.59069 20 214.06179 0 214.06179 20
209.59069 10 209.59069 30 214.06179 10 214.06179 30
209.59069 20 209.59069 40 214.06179 20 214.06179 40
209.59069 30 209.59069 50 214.06179 30 214.06179 50
209.59069 40 209.59069 60 214.06179 40 214.06179 60
209.59069 50 209.59069 70 214.06179 50 214.06179 70
209.59069 60 209.59069 80 214.06179 60 214.06179 80
209.59069 70 209.59069 90 214.06179 70 214.06179 90
209.59069 80 209.59069 100 214.06179 80 214.06179 100
173.98276 -10 173.98276 10 176.96524 -10 176.96524 10
173.98276 0 173.98276 20 176.96524 0 176.96524 20
173.98276 10 173.98276 30 176.96524 10 176.96524 30
173.98276 20 173.98276 40 176.96524 20 176.96524 40
173.98276 30 173.98276 50 176.96524 30 176.96524 50
173.98276 40 173.98276 60 176.96524 40 176.96524 60
173.98276 50 173.98276 70 176.96524 50 176.96524 70
173.98276 60 173.98276 80 176.96524 60 176.96524 80
173.98276 70 173.98276 90 176.96524 70 176.96524 90
173.98276 80 173.98276 100 176.96524 80 176.96524 100
239.66344 -10 239.66344 10 245.39704 -10 245.39704 10
239.66344 0 239.66344 20 245.39704 0 245.39704 20
239.66344 10 239.66344 30 245.39704 10 245.39704 30
239.66344 20 239.66344 40 245.39704 20 245.39704 40
239.66344 30 239.66344 50 245.39704 30 245.39704 50
239.66344 40 239.66344 60 245.39704 40 245.39704 60
239.66344 50 239.66344 70 245.39704 50 245.39704 70
239.66344 60 239.66344 80 245.39704 60 245.39704 80
239.66344 70 239.66344 90 245.39704 70 245.39704 90
239.66344 80 239.66344 100 245.39704 80 245.39704 100
187.52556 -10 187.52556 10 193.2527 -10 193.2527 10
187.52556 0 187.52556 20 193.2527 0 193.2527 20
187.52556 10 187.52556 30 193.2527 10 193.2527 30
187.52556 20 187.52556 40 193.2527 20 193.2527 40
187.52556 30 187.52556 50 193.2527 30 193.2527 50
187.52556 40 187.52556 60 193.2527 40 193.2527 60
187.52556 50 187.52556 70 193.2527 50 193.2527 70
187.52556 60 187.52556 80 193.2527 60 193.2527 80
187.52556 70 187.52556 90 193.2527 70 193.2527 90
187.52556 80 187.52556 100 193.2527 80 193.2527 100
273.16553 -10 273.16553 10 274.84207 -10 274.84207 10
273.16553 0 273.16553 20 274.84207 0 274.84207 20
273.16553 10 273.16553 30 274.84207 10 274.84207 30
273.16553 20 273.16553 40 274.84207 20 274.84207 40
273.16553 30 273.16553 50 274.84207 30 274.84207 50
273.16553 40 273.16553 60 274.84207 40 274.84207 60
273.16553 50 273.16553 70 274.84207 50 274.84207 70
273.16553 60 273.16553 80 274.84207 60 274.84207 80
273.16553 70 273.16553 90 274.84207 70 274.84207 90
273.16553 80 273.16553 100 274.84207 80 274.84207 100
9.13613 -10 9.13613 10 12.14699 -10 12.14699 10
9.13613 0 9.13613 20 12.14699 0 12.14699 20
9.13613 10 9.13613 30 12.14699 10 12.14699 30
9.13613 20 9.13613 40 12.14699 20 12.14699 40
9.13613 30 9.13613 50 12.14699 30 12.14699 50
9.13613 40 9.13613 60 12.14699 40 12.14699 60
9.13613 50 9.13613 70 12.14699 50 12.14699 70
9.13613 60 9.13613 80 12.14699 60 12.14699 80
9.13613 70 9.13613 90 12.14699 70 12.14699 90
9.13613 80 9.13613 100 12.14699 80 12.14699 100
120.95755 -10 120.95755 10 124.74409 -10 124.74409 10
120.95755 0 120.95755 20 124.74409 0 124.74409 20
120.95755 10 120.95755 30 124.74409 10 124.74409 30
120.95755 20 120.95755 40 124.74409 20 124.74409 40
120.95755 30 120.95755 50 124.74409 30 124.74409 50
120.95755 40 120.95755 60 124.74409 40 124.74409 60
120.95755 50 120.95755 70 124.74409 50 124.74409 70
120.95755 60 120.95755 80 124.74409 60 124.74409 80
120.95755 70 120.95755 90 124.74409 70 124.74409 90
120.95755 80 120.95755 100 124.74409 80 124.74409 100
233.9927 -10 233.9927 10 237.67336 -10 237.67336 10
233.9927 0 233.9927 20 237.67336 0 237.67336 20
233.9927 10 233.9927 30 237.67336 10 237.67336 30
233.9927 20 233.9927 40 237.67336 20 237.67336 40
233.9927 30 233.9927 50 237.67336 30 237.67336 50
233.9927 40 233.9927 60 237.67336 40 237.67336 60
233.9927 50 233.9927 70 237.67336 50 237.67336 70
233.9927 60 233.9927 80 237.67336 60 237.67336 80
233.9927 70 233.9927 90 237.67336 70 237.67336 90
233.9927 80 233.9927 100 237.67336 80 237.67336 100
Branches 200
29.71292 255.19075 1.48929
167.92219 79.40196 1.4692
29.01433 248.85254 1.3108
93.19066 103.96259 1.97391
78.90491 272.76106 1.47854
218.14378 261.30958 1.68244
170.48311 216.00217 1.11834
213.06741 144.22586 1.30466
28.47335 158.7974 1.87563
51.25177 190.36714 1.27658
11.472 232.82382 1.79404
143.32002 118.20596 1.86154
136.29256 104.71622 1.72068
247.5736 240.3223 1.28829
105.49006 189.25132 1.96319
25.12933 178.79428 1.52958
79.04567 180.52047 1.28712
274.58352 153.23077 1.01181
70.51479 225.94836 1.97994
71.42872 146.99375 1.84797
183.31389 157.72555 1.96036
15.58687 286.51722 1.72773
208.15112 136.54115 1.93246
81.80253 105.66188 1.39748
283.94673 295.1532 1.68203
218.54604 236.08908 1.38503
272.66417 267.37548 1.03355
172.71607 209.04159 1.95358
284.08311 178.18688 1.69436
133.30699 176.38698 1.60367
83.83999 197.85194 1.73737
183.00074 111.20789 1.87275
132.14995 215.54378 1.84543
77.28234 151.78081 1.74663
154.39631 95.5218 1.80974
66.99674 192.37677 1.23551
45.70531 239.34556 1.21126
61.56719 160.61308 1.64468
7.89941 104.50242 1.26137
78.74467 266.82075 1.19029
126.28654 197.70784 1.68666
55.03894 287.74078 1.26511
126.78098 293.85921 1.02429
195.4458 80.23952 1.84556
193.64076 159.15277 1.27231
62.81666 115.11864 1.55417
187.032 175.23625 1.78973
110.94838 274.69055 1.34268
198.45836 192.31108 1.70957
168.52401 175.95457 1.08496
24.76401 293.8482 1.73983
24.74013 204.13293 1.44899
255.54456 87.11244 1.31761
96.49785 99.65676 1.36762
134.00854 136.84808 1.30718
193.34119 209.91751 1.40321
54.33675 214.58269 1.09886
69.05115 247.15227 1.72264
251.72374 252.68589 1.49882
209.25943 195.91484 1.47877
42.037 94.75928 1.58682
234.41277 114.90093 1.0919
137.81409 130.44132 1.14489
128.03889 214.3273 1.37782
9.51205 275.63516 1.61737
66.06452 129.71351 1.20334
256.77974 186.15232 1.16508
289.21103 263.5367 1.86099
67.08869 133.75214 1.42931
166.75466 245.37811 1.97278
245.66328 116.65448 1.09574
252.64843 234.2969 1.56083
153.64868 253.31808 1.00072
7.07034 127.19245 1.66653
217.81347 206.30379 1.26365
116.50599 81.69565 1.30953
216.94269 150.95856 1.00811
23.16151 183.62078 1.14107
4.36733 102.85256 1.97278
240.43903 235.67519 1.76764
219.72103 77.57874 1.75336
122.26678 226.9146 1.41184
210.44537 166.26588 1.65166
90.3944 112.96031 1.42256
212.939 297.20483 1.134
153.78917 173.69947 1.60264
19.8327 170.29158 1.56977
258.28666 285.03037 1.98437
232.29163 247.69074 1.35221
12.19428 286.28105 1.53968
241.81023 128.35941 1.64897
267.47387 157.3218 1.93417
242.36761 200.70724 1.18038
136.88795 294.85868 1.26847
48.41592 205.44894 1.70975
144.19034 296.24589 1.82192
107.85913 181.32927 1.83956
201.20219 93.00864 1.98338
63.24738 178.92884 1.56838
29.24757 193.86792 1.56695
288.75424 109.18493 1.91091
33.60017 277.00935 1.62384
170.87182 230.74491 1.58822
126.3518 236.41314 1.42725
99.17261 197.84282 1.80444
161.45772 80.3219 1.19126
228.06363 122.54155 1.07681
207.79599 192.42963 1.56632
145.19254 243.90273 1.41775
31.0886 221.14579 1.72363
95.52652 135.55537 1.59374
202.70725 233.10603 1.75179
175.24971 262.26998 1.01112
91.28957 174.2123 1.751
140.09811 83.62631 1.77315
292.88847 110.53844 1.61406
105.39503 201.02079 1.1976
289.45524 233.65524 1.51945
102.43257 258.08379 1.48009
107.50683 119.8346 1.07213
48.51287 97.40167 1.62422
71.40231 174.89723 1.50929
219.79331 241.3189 1.83155
236.78278 229.51399 1.30351
48.28105 161.11332 1.75598
47.33752 293.84454 1.15325
142.49767 121.81892 1.3582
212.82319 131.19712 1.50489
103.58207 207.44545 1.97153
79.27045 288.0456 1.34109
199.80718 267.90371 1.79195
164.74803 191.98953 1.8134
97.73005 113.72375 1.91491
246.59196 124.2586 1.49045
260.91481 138.51535 1.81962
106.91616 269.408 1.41175
154.76775 245.50995 1.97075
119.67234 156.69232 1.83935
258.95618 173.46257 1.24474
35.35615 123.77056 1.11353
251.80174 281.80839 1.582
276.94 175.52857 1.15384
143.73769 208.88474 1.71238
249.59735 272.82381 1.09269
134.8793 140.79421 1.3638
184.66762 269.5024 1.58943
188.84193 127.11672 1.34158
184.81262 243.52353 1.33057
226.65918 282.65062 1.19758
18.97854 215.58955 1.13115
89.67774 109.27755 1.18707
101.64539 200.63527 1.36393
96.50398 166.47242 1.06715
145.96792 250.42265 1.6543
59.73202 260.45453 1.66014
110.74075 230.94624 1.05298
174.46883 186.28438 1.39021
184.2757 179.89404 1.95679
104.84623 157.90093 1.7786
284.84154 93.81696 1.57835
196.22909 163.99616 1.49367
97.20728 78.88535 1.16686
277.67034 185.4765 1.13741
191.97452 147.50758 1.41695
143.52194 273.66879 1.58048
249.79333 228.9139 1.14084
203.07776 198.82172 1.35307
220.54138 195.40909 1.95956
77.36601 80.51762 1.61254
93.73083 282.22553 1.17759
270.40205 124.71717 1.33179
74.36806 276.2265 1.92681
122.8348 265.68809 1.24731
1.08194 231.44381 1.6364
254.32625 294.81895 1.21926
17.21258 102.90262 1.69938
71.44333 209.52661 1.43892
170.4551 205.03893 1.25513
2.7003 263.67437 1.18343
79.65337 211.27006 1.41828
183.36092 103.75405 1.63009
208.73359 293.3837 1.39453
245.77268 113.55937 1.026
190.08479 248.8332 1.96568
25.66612 133.70954 1.78504
230.36763 86.84117 1.80323
19.43426 147.71768 1.92537
251.32721 278.05351 1.60239
113.6976 242.97442 1.59529
113.36797 139.67636 1.28526
49.38179 149.01929 1.20008
151.52345 100.83793 1.19585
190.32826 193.13314 1.08913
235.36116 95.84022 1.0521
5.71426 155.9831 1.53409
3.07418 167.55705 1.69156
83.91011 267.10524 1.80186
2.35288 127.1653 1.75317
271.51966 277.92963 1.2699
24.96527 247.42421 1.90568
Switches 1
120 300
Grounds 300
-0.5 -0.5 -0.5 0.5 0.5 -0.5 0.5 0.5
0.5 -0.5 0.5 0.5 1.5 -0.5 1.5 0.5
1.5 -0.5 1.5 0.5 2.5 -0.5 2.5 0.5
2.5 -0.5 2.5 0.5 3.5 -0.5 3.5 0.5
3.5 -0.5 3.5 0.5 4.5 -0.5 4.5 0.5
4.5 -0.5 4.5 0.5 5.5 -0.5 5.5 0.5
5.5 -0.5 5.5 0.5 6.5 -0.5 6.5 0.5
6.5 -0.5 6.5 0.5 7.5 -0.5 7.5 0.5
7.5 -0.5 7.5 0.5 8.5 -0.5 8.5 0.5
8.5 -0.5 8.5 0.5 9.5 -0.5 9.5 0.5
9.5 -0.5 9.5 0.5 10.5 -0.5 10.5 0.5
10.5 -0.5 10.5 0.5 11.5 -0.5 11.5 0.5
11.5 -0.5 11.5 0.5 12.5 -0.5 12.5 0.5
12.5 -0.5 12.5 0.5 13.5 -0.5 13.5 0.5
13.5 -0.5 13.5 0.5 14.5 -0.5 14.5 0.5
14.5 -0.5 14.5 0.5 15.5 -0.5 15.5 0.5
15.5 -0.5 15.5 0.5 16.5 -0.5 16.5 0.5
16.5 -0.5 16.5 0.5 17.5 -0.5 17.5 0.5
17.5 -0.5 17.5 0.5 18.5 -0.5 18.5 0.5
18.5 -0.5 18.5 0.5 19.5 -0.5 19.5 0.5
19.5 -0.5 19.5 0.5 20.5 -0.5 20.5 0.5
20.5 -0.5 20.5 0.5 21.5 -0.5 21.5 0.5
21.5 -0.5 21.5 0.5 22.5 -0.5 22.5 0.5
22.5 -0.5 22.5 0.5 23.5 -0.5 23.5 0.5
23.5 -0.5 23.5 0.5 24.5 -0.5 24.5 0.5
24.5 -0.5 24.5 0.5 25.5 -0.5 25.5 0.5
25.5 -0.5 25.5 0.5 26.5 -0.5 26.5 0.5
26.5 -0.5 26.5 0.5 27.5 -0.5 27.5 0.5
27.5 -0.5 27.5 0.5 28.5 -0.5 28.5 0.5
28.5 -0.5 28.5 0.5 29.5 -0.5 29.5 0.5
29.5 -0.5 29.5 0.5 30.5 -0.5 30.5 0.5
30.5 -0.5 30.5 0.5 31.5 -0.5 31.5 0.5
31.5 -0.5 31.5 0.5 32.5 -0.5 32.5 0.5
32.5 -0.5 32.5 0.5 33.5 -0.5 33.5 0.5
33.5 -0.5 33.5 0.5 34.5 -0.5 34.5 0.5
34.5 -0.5 34.5 0.5 35.5 -0.5 35.5 0.5
35.5 -0.5 35.5 0.5 36.5 -0.5 36.5 0.5
36.5 -0.5 36.5 0.5 37.5 -0.5 37.5 0.5
37.5 -0.5 37.5 0.5 38.5 -0.5 38.5 0.5
38.5 -0.5 38.5 0.5 39.5 -0.5 39.5 0.5
39.5 -0.5 39.5 0.5 40.5 -0.5 40.5 0.5
40.5 -0.5 40.5 0.5 41.5 -0.5 41.5 0.5
41.5 -0.5 41.5 0.5 42.5 -0.5 42.5 0.5
42.5 -0.5 42.5 0.5 43.5 -0.5 43.5 0.5
43.5 -0.5 43.5 0.5 44.5 -0.5 44.5 0.5
44.5 -0.5 44.5 0.5 45.5 -0.5 45.5 0.5
45.5 -0.5 45.5 0.5 46.5 -0.5 46.5 0.5
46.5 -0.5 46.5 0.5 47.5 -0.5 47.5 0.5
47.5 -0.5 47.5 0.5 48.5 -0.5 48.5 0.5
48.5 -0.5 48.5 0.5 49.5 -0.5 49.5 0.5
49.5 -0.5 49.5 0.5 50.5 -0.5 50.5 0.5
50.5 -0.5 50.5 0.5 51.5 -0.5 51.5 0.5
51.5 -0.5 51.5 0.5 52.5 -0.5 52.5 0.5
52.5 -0.5 52.5 0.5 53.5 -0.5 53.5 0.5
53.5 -0.5 53.5 0.5 54.5 -0.5 54.5 0.5
54.5 -0.5 54.5 0.5 55.5 -0.5 55.5 0.5
55.5 -0.5 55.5 0.5 56.5 -0.5 56.5 0.5
56.5 -0.5 56.5 0.5 57.5 -0.5 57.5 0.5
57.5 -0.5 57.5 0.5 58.5 -0.5 58.5 0.5
58.5 -0.5 58.5 0.5 59.5 -0.5 59.5 0.5
59.5 -0.5 59.5 0.5 60.5 -0.5 60.5 0.5
60.5 -0.5 60.5 0.5 61.5 -0.5 61.5 0.5
61.5 -0.5 61.5 0.5 62.5 -0.5 62.5 0.5
62.5 -0.5 62.5 0.5 63.5 -0.5 63.5 0.5
63.5 -0.5 63.5 0.5 64.5 -0.5 64.5 0.5
64.5 -0.5 64.5 0.5 65.5 -0.5 65.5 0.5
65.5 -0.5 65.5 0.5 66.5 -0.5 66.5 0.5
66.5 -0.5 66.5 0.5 67.5 -0.5 67.5 0.5
67.5 -0.5 67.5 0.5 68.5 -0.5 68.5 0.5
68.5 -0.5 68.5 0.5 69.5 -0.5 69.5 0.5
69.5 -0.5 69.5 0.5 70.5 -0.5 70.5 0.5
70.5 -0.5 70.5 0.5 71.5 -0.5 71.5 0.5
71.5 -0.5 71.5 0.5 72.5 -0.5 72.5 0.5
72.5 -0.5 72.5 0.5 73.5 -0.5 73.5 0.5
73.5 -0.5 73.5 0.5 74.5 -0.5 74.5 0.5
74.5 -0.5 74.5 0.5 75.5 -0.5 75.5 0.5
75.5 -0.5 75.5 0.5 76.5 -0.5 76.5 0.5
76.5 -0.5 76.5 0.5 77.5 -0.5 77.5 0.5
77.5 -0.5 77.5 0.5 78.5 -0.5 78.5 0.5
78.5 -0.5 78.5 0.5 79.5 -0.5 79.5 0.5
79.5 -0.5 79.5 0.5 80.5 -0.5 80.5 0.5
80.5 -0.5 80.5 0.5 81.5 -0.5 81.5 0.5
81.5 -0.5 81.5 0.5 82.5 -0.5 82.5 0.5
82.5 -0.5 82.5 0.5 83.5 -0.5 83.5 0.5
83.5 -0.5 83.5 0.5 84.5 -0.5 84.5 0.5
84.5 -0.5 84.5 0.5 85.5 -0.5 85.5 0.5
85.5 -0.5 85.5 0.5 86.5 -0.5 86.5 0.5
86.5 -0.5 86.5 0.5 87.5 -0.5 87.5 0.5
87.5 -0.5 87.5 0.5 88.5 -0.5 88.5 0.5
88.5 -0.5 88.5 0.5 89.5 -0.5 89.5 0.5
89.5 -0.5 89.5 0.5 90.5 -0.5 90.5 0.5
90.5 -0.5 90.5 0.5 91.5 -0.5 91.5 0.5
91.5 -0.5 91.5 0.5 92.5 -0.5 92.5 0.5
92.5 -0.5 92.5 0.5 93.5 -0.5 93.5 0.5
93.5 -0.5 93.5 0.5 94.5 -0.5 94.5 0.5
94.5 -0.5 94.5 0.5 95.5 -0.5 95.5 0.5
95.5 -0.5 95.5 0.5 96.5 -0.5 96.5 0.5
96.5 -0.5 96.5 0.5 97.5 -0.5 97.5 0.5
97.5 -0.5 97.5 0.5 98.5 -0.5 98.5 0.5
98.5 -0.5 98.5 0.5 99.5 -0.5 99.5 0.5
99.5 -0.5 99.5 0.5 100.5 -0.5 100.5 0.5
100.5 -0.5 100.5 0.5 101.5 -0.5 101.5 0.5
101.5 -0.5 101.5 0.5 102.5 -0.5 102.5 0.5
102.5 -0.5 102.5 0.5 103.5 -0.5 103.5 0.5
103.5 -0.5 103.5 0.5 104.5 -0.5 104.5 0.5
104.5 -0.5 104.5 0.5 105.5 -0.5 105.5 0.5
105.5 -0.5 105.5 0.5 106.5 -0.5 106.5 0.5
106.5 -0.5 106.5 0.5 107.5 -0.5 107.5 0.5
107.5 -0.5 107.5 0.5 108.5 -0.5 108.5 0.5
108.5 -0.5 108.5 0.5 109.5 -0.5 109.5 0.5
109.5 -0.5 109.5 0.5 110.5 -0.5 110.5 0.5
110.5 -0.5 110.5 0.5 111.5 -0.5 111.5 0.5
111.5 -0.5 111.5 0.5 112.5 -0.5 112.5 0.5
112.5 -0.5 112.5 0.5 113.5 -0.5 113.5 0.5
113.5 -0.5 113.5 0.5 114.5 -0.5 114.5 0.5
114.5 -0.5 114.5 0.5 115.5 -0.5 115.5 0.5
115.5 -0.5 115.5 0.5 116.5 -0.5 116.5 0.5
116.5 -0.5 116.5 0.5 117.5 -0.5 117.5 0.5
117.5 -0.5 117.5 0.5 118.5 -0.5 118.5 0.5
118.5 -0.5 118.5 0.5 119.5 -0.5 119.5 0.5
119.5 -0.5 119.5 0.5 120.5 -0.5 120.5 0.5
120.5 -0.5 120.5 0.5 121.5 -0.5 121.5 0.5
121.5 -0.5 121.5 0.5 122.5 -0.5 122.5 0.5
122.5 -0.5 122.5 0.5 123.5 -0.5 123.5 0.5
123.5 -0.5 123.5 0.5 124.5 -0.5 124.5 0.5
124.5 -0.5 124.5 0.5 125.5 -0.5 125.5 0.5
125.5 -0.5 125.5 0.5 126.5 -0.5 126.5 0.5
126.5 -0.5 126.5 0.5 127.5 -0.5 127.5 0.5
127.5 -0.5 127.5 0.5 128.5 -0.5 128.5 0.5
128.5 -0.5 128.5 0.5 129.5 -0.5 129.5 0.5
129.5 -0.5 129.5 0.5 130.5 -0.5 130.5 0.5
130.5 -0.5 130.5 0.5 131.5 -0.5 131.5 0.5
131.5 -0.5 131.5 0.5 132.5 -0.5 132.5 0.5
132.5 -0.5 132.5 0.5 133.5 -0.5 133.5 0.5
133.5 -0.5 133.5 0.5 134.5 -0.5 134.5 0.5
134.5 -0.5 134.5 0.5 135.5 -0.5 135.5 0.5
135.5 -0.5 135.5 0.5 136.5 -0.5 136.5 0.5
136.5 -0.5 136.5 0.5 137.5 -0.5 137.5 0.5
137.5 -0.5 137.5 0.5 138.5 -0.5 138.5 0.5
138.5 -0.5 138.5 0.5 139.5 -0.5 139.5 0.5
139.5 -0.5 139.5 0.5 140.5 -0.5 140.5 0.5
140.5 -0.5 140.5 0.5 141.5 -0.5 141.5 0.5
141.5 -0.5 141.5 0.5 142.5 -0.5 142.5 0.5
142.5 -0.5 142.5 0.5 143.5 -0.5 143.5 0.5
143.5 -0.5 143.5 0.5 144.5 -0.5 144.5 0.5
144.5 -0.5 144.5 0.5 145.5 -0.5 145.5 0.5
145.5 -0.5 145.5 0.5 146.5 -0.5 146.5 0.5
146.5 -0.5 146.5 0.5 147.5 -0.5 147.5 0.5
147.5 -0.5 147.5 0.5 148.5 -0.5 148.5 0.5
148.5 -0.5 148.5 0.5 149.5 -0.5 149.5 0.5
149.5 -0.5 149.5 0.5 150.5 -0.5 150.5 0.5
150.5 -0.5 150.5 0.5 151.5 -0.5 151.5 0.5
151.5 -0.5 151.5 0.5 152.5 -0.5 152.5 0.5
152.5 -0.5 152.5 0.5 153.5 -0.5 153.5 0.5
153.5 -0.5 153.5 0.5 154.5 -0.5 154.5 0.5
154.5 -0.5 154.5 0.5 155.5 -0.5 155.5 0.5
155.5 -0.5 155.5 0.5 156.5 -0.5 156.5 0.5
156.5 -0.5 156.5 0.5 157.5 -0.5 157.5 0.5
157.5 -0.5 157.5 0.5 158.5 -0.5 158.5 0.5
158.5 -0.5 158.5 0.5 159.5 -0.5 159.5 0.5
159.5 -0.5 159.5 0.5 160.5 -0.5 160.5 0.5
160.5 -0.5 160.5 0.5 161.5 -0.5 161.5 0.5
161.5 -0.5 161.5 0.5 162.5 -0.5 162.5 0.5
162.5 -0.5 162.5 0.5 163.5 -0.5 163.5 0.5
163.5 -0.5 163.5 0.5 164.5 -0.5 164.5 0.5
164.5 -0.5 164.5 0.5 165.5 -0.5 165.5 0.5
165.5 -0.5 165.5 0.5 166.5 -0.5 166.5 0.5
166.5 -0.5 166.5 0.5 167.5 -0.5 167.5 0.5
167.5 -0.5 167.5 0.5 168.5 -0.5 168.5 0.5
168.5 -0.5 168.5 0.5 169.5 -0.5 169.5 0.5
169.5 -0.5 169.5 0.5 170.5 -0.5 170.5 0.5
170.5 -0.5 170.5 0.5 171.5 -0.5 171.5 0.5
171.5 -0.5 171.5 0.5 172.5 -0.5 172.5 0.5
172.5 -0.5 172.5 0.5 173.5 -0.5 173.5 0.5
173.5 -0.5 173.5 0.5 174.5 -0.5 174.5 0.5
174.5 -0.5 174.5 0.5 175.5 -0.5 175.5 0.5
175.5 -0.5 175.5 0.5 176.5 -0.5 176.5 0.5
176.5 -0.5 176.5 0.5 177.5 -0.5 177.5 0.5
177.5 -0.5 177.5 0.5 178.5 -0.5 178.5 0.5
178.5 -0.5 178.5 0.5 179.5 -0.5 179.5 0.5
179.5 -0.5 179.5 0.5 180.5 -0.5 180.5 0.5
180.5 -0.5 180.5 0.5 181.5 -0.5 181.5 0.5
181.5 -0.5 181.5 0.5 182.5 -0.5 182.5 0.5
182.5 -0.5 182.5 0.5 183.5 -0.5 183.5 0.5
183.5 -0.5 183.5 0.5 184.5 -0.5 184.5 0.5
184.5 -0.5 184.5 0.5 185.5 -0.5 185.5 0.5
185.5 -0.5 185.5 0.5 186.5 -0.5 186.5 0.5
186.5 -0.5 186.5 0.5 187.5 -0.5 187.5 0.5
187.5 -0.5 187.5 0.5 188.5 -0.5 188.5 0.5
188.5 -0.5 188.5 0.5 189.5 -0.5 189.5 0.5
189.5 -0.5 189.5 0.5 190.5 -0.5 190.5 0.5
190.5 -0.5 190.5 0.5 191.5 -0.5 191.5 0.5
191.5 -0.5 191.5 0.5 192.5 -0.5 192.5 0.5
192.5 -0.5 192.5 0.5 193.5 -0.5 193.5 0.5
193.5 -0.5 193.5 0.5 194.5 -0.5 194.5 0.5
194.5 -0.5 194.5 0.5 195.5 -0.5 195.5 0.5
195.5 -0.5 195.5 0.5 196.5 -0.5 196.5 0.5
196.5 -0.5 196.5 0.5 197.5 -0.5 197.5 0.5
197.5 -0.5 197.5 0.5 198.5 -0.5 198.5 0.5
198.5 -0.5 198.5 0.5 199.5 -0.5 199.5 0.5
199.5 -0.5 199.5 0.5 200.5 -0.5 200.5 0.5
200.5 -0.5 200.5 0.5 201.5 -0.5 201.5 0.5
201.5 -0.5 201.5 0.5 202.5 -0.5 202.5 0.5
202.5 -0.5 202.5 0.5 203.5 -0.5 203.5 0.5
203.5 -0.5 203.5 0.5 204.5 -0.5 204.5 0.5
204.5 -0.5 204.5 0.5 205.5 -0.5 205.5 0.5
205.5 -0.5 205.5 0.5 206.5 -0.5 206.5 0.5
206.5 -0.5 206.5 0.5 207.5 -0.5 207.5 0.5
207.5 -0.5 207.5 0.5 208.5 -0.5 208.5 0.5
208.5 -0.5 208.5 0.5 209.5 -0.5 209.5 0.5
209.5 -0.5 209.5 0.5 210.5 -0.5 210.5 0.5
210.5 -0.5 210.5 0.5 211.5 -0.5 211.5 0.5
211.5 -0.5 211.5 0.5 212.5 -0.5 212.5 0.5
212.5 -0.5 212.5 0.5 213.5 -0.5 213.5 0.5
213.5 -0.5 213.5 0.5 214.5 -0.5 214.5 0.5
214.5 -0.5 214.5 0.5 215.5 -0.5 215.5 0.5
215.5 -0.5 215.5 0.5 216.5 -0.5 216.5 0.5
216.5 -0.5 216.5 0.5 217.5 -0.5 217.5 0.5
217.5 -0.5 217.5 0.5 218.5 -0.5 218.5 0.5
218.5 -0.5 218.5 0.5 219.5 -0.5 219.5 0.5
219.5 -0.5 219.5 0.5 220.5 -0.5 220.5 0.5
220.5 -0.5 220.5 0.5 221.5 -0.5 221.5 0.5
221.5 -0.5 221.5 0.5 222.5 -0.5 222.5 0.5
222.5 -0.5 222.5 0.5 223.5 -0.5 223.5 0.5
223.5 -0.5 223.5 0.5 224.5 -0.5 224.5 0.5
224.5 -0.5 224.5 0.5 225.5 -0.5 225.5 0.5
225.5 -0.5 225.5 0.5 226.5 -0.5 226.5 0.5
226.5 -0.5 226.5 0.5 227.5 -0.5 227.5 0.5
227.5 -0.5 227.5 0.5 228.5 -0.5 228.5 0.5
228.5 -0.5 228.5 0.5 229.5 -0.5 229.5 0.5
229.5 -0.5 229.5 0.5 230.5 -0.5 230.5 0.5
230.5 -0.5 230.5 0.5 231.5 -0.5 231.5 0.5
231.5 -0.5 231.5 0.5 232.5 -0.5 232.5 0.5
232.5 -0.5 232.5 0.5 233.5 -0.5 233.5 0.5
233.5 -0.5 233.5 0.5 234.5 -0.5 234.5 0.5
234.5 -0.5 234.5 0.5 235.5 -0.5 235.5 0.5
235.5 -0.5 235.5 0.5 236.5 -0.5 236.5 0.5
236.5 -0.5 236.5 0.5 237.5 -0.5 237.5 0.5
237.5 -0.5 237.5 0.5 238.5 -0.5 238.5 0.5
238.5 -0.5 238.5 0.5 239.5 -0.5 239.5 0.5
239.5 -0.5 239.5 0.5 240.5 -0.5 240.5 0.5
240.5 -0.5 240.5 0.5 241.5 -0.5 241.5 0.5
241.5 -0.5 241.5 0.5 242.5 -0.5 242.5 0.5
242.5 -0.5 242.5 0.5 243.5 -0.5 243.5 0.5
243.5 -0.5 243.5 0.5 244.5 -0.5 244.5 0.5
244.5 -0.5 244.5 0.5 245.5 -0.5 245.5 0.5
245.5 -0.5 245.5 0.5 246.5 -0.5 246.5 0.5
246.5 -0.5 246.5 0.5 247.5 -0.5 247.5 0.5
247.5 -0.5 247.5 0.5 248.5 -0.5 248.5 0.5
248.5 -0.5 248.5 0.5 249.5 -0.5 249.5 0.5
249.5 -0.5 249.5 0.5 250.5 -0.5 250.5 0.5
250.5 -0.5 250.5 0.5 251.5 -0.5 251.5 0.5
251.5 -0.5 251.5 0.5 252.5 -0.5 252.5 0.5
252.5 -0.5 252.5 0.5 253.5 -0.5 253.5 0.5
253.5 -0.5 253.5 0.5 254.5 -0.5 254.5 0.5
254.5 -0.5 254.5 0.5 255.5 -0.5 255.5 0.5
255.5 -0.5 255.5 0.5 256.5 -0.5 256.5 0.5
256.5 -0.5 256.5 0.5 257.5 -0.5 257.5 0.5
257.5 -0.5 257.5 0.5 258.5 -0.5 258.5 0.5
258.5 -0.5 258.5 0.5 259.5 -0.5 259.5 0.5
259.5 -0.5 259.5 0.5 260.5 -0.5 260.5 0.5
260.5 -0.5 260.5 0.5 261.5 -0.5 261.5 0.5
261.5 -0.5 261.5 0.5 262.5 -0.5 262.5 0.5
262.5 -0.5 262.5 0.5 263.5 -0.5 263.5 0.5
263.5 -0.5 263.5 0.5 264.5 -0.5 264.5 0.5
264.5 -0.5 264.5 0.5 265.5 -0.5 265.5 0.5
265.5 -0.5 265.5 0.5 266.5 -0.5 266.5 0.5
266.5 -0.5 266.5 0.5 267.5 -0.5 267.5 0.5
267.5 -0.5 267.5 0.5 268.5 -0.5 268.5 0.5
268.5 -0.5 268.5 0.5 269.5 -0.5 269.5 0.5
269.5 -0.5 269.5 0.5 270.5 -0.5 270.5 0.5
270.5 -0.5 270.5 0.5 271.5 -0.5 271.5 0.5
271.5 -0.5 271.5 0.5 272.5 -0.5 272.5 0.5
272.5 -0.5 272.5 0.5 273.5 -0.5 273.5 0.5
273.5 -0.5 273.5 0.5 274.5 -0.5 274.5 0.5
274.5 -0.5 274.5 0.5 275.5 -0.5 275.5 0.5
275.5 -0.5 275.5 0.5 276.5 -0.5 276.5 0.5
276.5 -0.5 276.5 0.5 277.5 -0.5 277.5 0.5
277.5 -0.5 277.5 0.5 278.5 -0.5 278.5 0.5
278.5 -0.5 278.5 0.5 279.5 -0.5 279.5 0.5
279.5 -0.5 279.5 0.5 280.5 -0.5 280.5 0.5
280.5 -0.5 280.5 0.5 281.5 -0.5 281.5 0.5
281.5 -0.5 281.5 0.5 282.5 -0.5 282.5 0.5
282.5 -0.5 282.5 0.5 283.5 -0.5 283.5 0.5
283.5 -0.5 283.5 0.5 284.5 -0.5 284.5 0.5
284.5 -0.5 284.5 0.5 285.5 -0.5 285.5 0.5
285.5 -0.5 285.5 0.5 286.5 -0.5 286.5 0.5
286.5 -0.5 286.5 0.5 287.5 -0.5 287.5 0.5
287.5 -0.5 287.5 0.5 288.5 -0.5 288.5 0.5
288.5 -0.5 288.5 0.5 289.5 -0.5 289.5 0.5
289.5 -0.5 289.5 0.5 290.5 -0.5 290.5 0.5
290.5 -0.5 290.5 0.5 291.5 -0.5 291.5 0.5
291.5 -0.5 291.5 0.5 292.5 -0.5 292.5 0.5
292.5 -0.5 292.5 0.5 293.5 -0.5 293.5 0.5
293.5 -0.5 293.5 0.5 294.5 -0.5 294.5 0.5
294.5 -0.5 294.5 0.5 295.5 -0.5 295.5 0.5
295.5 -0.5 295.5 0.5 296.5 -0.5 296.5 0.5
296.5 -0.5 296.5 0.5 297.5 -0.5 297.5 0.5
297.5 -0.5 297.5 0.5 298.5 -0.5 298.5 0.5
298.5 -0.5 298.5 0.5 299.5 -0.5 299.5 0.5