Landmarks 0
Trees 100
0.32228 89.39623 1.6711
-12.09953 8.86626 2.77251
-13.74784 138.1582 2.0673
11.82781 263.07643 2.9613
-21.75509 93.82334 1.68387
9.53029 52.09362 2.9928
-6.83623 274.97001 1.865
-12.43823 25.26804 1.8881
14.37563 135.88775 2.54743
5.93859 110.8469 2.39427
9.7906 245.17007 2.69244
21.99437 77.53636 1.53926
0.4805 215.80501 2.47789
-22.75142 39.88804 2.04763
-22.09983 153.46633 2.25221
-11.97511 121.79254 2.21484
-12.5524 21.31262 2.06723
15.33296 114.91081 1.98306
1.22284 287.05865 1.91404
-12.35628 152.72221 1.53835
10.34407 72.75011 2.73728
11.98464 228.97502 2.0761
-19.29042 267.45278 1.5833
-15.38437 276.9676 1.74584
-10.0627 263.87681 2.7659
-18.08516 122.03223 2.40196
-5.71922 177.44049 2.38379
14.84422 104.74436 1.78747
-0.47675 9.4806 2.31955
23.85779 60.26661 1.85304
24.38797 47.03992 1.82482
8.84992 163.64494 2.63614
-0.1844 17.89316 2.27685
-22.68316 225.99328 1.99739
-14.26665 158.6273 2.13513
-8.65303 45.62493 2.90399
13.51742 145.03279 2.44026
8.12451 208.19526 1.85119
-1.672 223.22862 1.94242
-8.37562 219.51924 1.69686
19.12508 200.40147 2.74326
-8.31636 240.2403 1.52895
6.61776 267.48299 1.88543
-8.24481 90.49874 1.72487
2.96708 245.9574 2.86322
-6.48467 23.61507 2.2729
2.15118 73.60941 2.89986
-13.68311 76.23031 2.54491
0.57135 139.89764 2.15037
1.38888 227.22551 1.58467
-7.32231 213.05228 1.56657
-7.40861 167.78332 2.30776
1.76477 117.54619 2.49823
24.43114 252.36085 2.87139
7.19071 103.77955 2.52921
0.82846 49.12459 2.21934
-11.52989 237.70801 2.45176
15.78453 274.96755 2.72578
1.223 154.17905 1.81345
24.17111 103.15554 2.55036
5.61755 283.08446 1.64306
-25.28154 31.59151 1.66053
10.15552 283.27862 2.24504
19.8591 248.00633 1.7398
21.61259 132.30964 2.90071
-9.32245 230.85217 2.36261
-3.04664 198.67758 2.26468
-4.44554 295.33449 2.27825
-12.76933 145.92007 1.91364
-3.20067 78.33002 2.96129
24.81353 163.2795 1.97039
20.473 66.01131 2.91504
-3.96761 122.63843 2.3332
-20.40216 184.68796 2.69925
24.07731 116.62081 2.90329
-24.02052 133.93273 1.57469
23.79471 29.49347 2.9953
-24.64164 120.35656 2.26667
16.68155 288.54691 2.52081
4.75862 179.53039 1.87815
16.77491 16.4835 2.63214
-3.03343 40.59915 2.37254
-2.04556 173.017 2.73453
-12.8348 61.12534 2.04078
1.80176 205.92555 2.19579
19.74245 174.24572 1.50747
15.95088 124.57522 2.19843
26.49377 211.02991 2.70723
11.50855 178.26563 2.06124
-10.26088 271.19346 2.29157
-20.61565 200.9145 2.0467
14.56713 219.43185 2.16985
8.43566 87.72457 2.68371
0.67471 179.5637 2.14307
-5.37378 246.5861 2.24363
1.58771 62.34786 1.95659
24.40605 151.51628 2.84882
5.04873 21.95724 2.8539
21.69147 191.29278 2.95152
26.28703 142.0551 1.91376
Platforms 160
87.7565 -10 87.7565 10 91.03596 -10 91.03596 10
87.7565 0 87.7565 20 91.03596 0 91.03596 20
87.7565 10 87.7565 30 91.03596 10 91.03596 30
87.7565 20 87.7565 40 91.03596 20 91.03596 40
87.7565 30 87.7565 50 91.03596 30 91.03596 50
87.7565 40 87.7565 60 91.03596 40 91.03596 60
87.7565 50 87.7565 70 91.03596 50 91.03596 70
87.7565 60 87.7565 80 91.03596 60 91.03596 80
87.7565 70 87.7565 90 91.03596 70 91.03596 90
87.7565 80 87.7565 100 91.03596 80 91.03596 100
213.37415 -10 213.37415 10 218.23587 -10 218.23587 10
213.37415 0 213.37415 20 218.23587 0 218.23587 20
213.37415 10 213.37415 30 218.23587 10 218.23587 30
213.37415 20 213.37415 40 218.23587 20 218.23587 40
213.37415 30 213.37415 50 218.23587 30 218.23587 50
213.37415 40 213.37415 60 218.23587 40 218.23587 60
213.37415 50 213.37415 70 218.23587 50 218.23587 70
213.37415 60 213.37415 80 218.23587 60 218.23587 80
213.37415 70 213.37415 90 218.23587 70 218.23587 90
213.37415 80 213.37415 100 218.23587 80 218.23587 100
285.58617 -10 285.58617 10 288.53113 -10 288.53113 10
285.58617 0 285.58617 20 288.53113 0 288.53113 20
285.58617 10 285.58617 30 288.53113 10 288.53113 30
285.58617 20 285.58617 40 288.53113 20 288.53113 40
285.58617 30 285.58617 50 288.53113 30 288.53113 50
285.58617 40 285.58617 60 288.53113 40 288.53113 60
285.58617 50 285.58617 70 288.53113 50 288.53113 70
285.58617 60 285.58617 80 288.53113 60 288.53113 80
285.58617 70 285.58617 90 288.53113 70 288.53113 90
285.58617 80 285.58617 100 288.53113 80 288.53113 100
7.21057 -10 7.21057 10 11.75063 -10 11.75063 10
7.21057 0 7.21057 20 11.75063 0 11.75063 20
7.21057 10 7.21057 30 11.75063 10 11.75063 30
7.21057 20 7.21057 40 11.75063 20 11.75063 40
7.21057 30 7.21057 50 11.75063 30 11.75063 50
7.21057 40 7.21057 60 11.75063 40 11.75063 60
7.21057 50 7.21057 70 11.75063 50 11.75063 70
7.21057 60 7.21057 80 11.75063 60 11.75063 80
7.21057 70 7.21057 90 11.75063 70 11.75063 90
7.21057 80 7.21057 100 11.75063 80 11.75063 100
15.62379 -10 15.62379 10 20.16253 -10 20.16253 10
15.62379 0 15.62379 20 20.16253 0 20.16253 20
15.62379 10 15.62379 30 20.16253 10 20.16253 30
15.62379 20 15.62379 40 20.16253 20 20.16253 40
15.62379 30 15.62379 50 20.16253 30 20.16253 50
15.62379 40 15.62379 60 20.16253 40 20.16253 60
15.62379 50 15.62379 70 20.16253 50 20.16253 70
15.62379 60 15.62379 80 20.16253 60 20.16253 80
15.62379 70 15.62379 90 20.16253 70 20.16253 90
15.62379 80 15.62379 100 20.16253 80 20.16253 100
222.23998 -10 222.23998 10 224.21726 -10 224.21726 10
222.23998 0 222.23998 20 224.21726 0 224.21726 20
222.23998 10 222.23998 30 224.21726 10 224.21726 30
222.23998 20 222.23998 40 224.21726 20 224.21726 40
222.23998 30 222.23998 50 224.21726 30 224.21726 50
222.23998 40 222.23998 60 224.21726 40 224.21726 60
222.23998 50 222.23998 70 224.21726 50 224.21726 70
222.23998 60 222.23998 80 224.21726 60 224.21726 80
222.23998 70 222.23998 90 224.21726 70 224.21726 90
222.23998 80 222.23998 100 224.21726 80 224.21726 100
71.66477 -10 71.66477 10 75.55405 -10 75.55405 10
71.66477 0 71.66477 20 75.55405 0 75.55405 20
71.66477 10 71.66477 30 75.55405 10 75.55405 30
71.66477 20 71.66477 40 75.55405 20 75.55405 40
71.66477 30 71.66477 50 75.55405 30 75.55405 50
71.66477 40 71.66477 60 75.55405 40 75.55405 60
71.66477 50 71.66477 70 75.55405 50 75.55405 70
71.66477 60 71.66477 80 75.55405 60 75.55405 80
71.66477 70 71.66477 90 75.55405 70 75.55405 90
71.66477 80 71.66477 100 75.55405 80 75.55405 100
137.82456 -10 137.82456 10 141.97072 -10 141.97072 10
137.82456 0 137.82456 20 141.97072 0 141.97072 20
137.82456 10 137.82456 30 141.97072 10 141.97072 30
137.82456 20 137.82456 40 141.97072 20 141.97072 40
137.82456 30 137.82456 50 141.97072 30 141.97072 50
137.82456 40 137.82456 60 141.97072 40 141.97072 60
137.82456 50 137.82456 70 141.97072 50 141.97072 70
137.82456 60 137.82456 80 141.97072 60 141.97072 80
137.82456 70 137.82456 90 141.97072 70 141.97072 90
137.82456 80 137.82456 100 141.97072 80 141.97072 100
226.4625 -10 226.4625 10 227.98852 -10 227.98852 10
226.4625 0 226.4625 20 227.98852 0 227.98852 20
226.4625 10 226.4625 30 227.98852 10 227.98852 30
226.4625 20 226.4625 40 227.98852 20 227.98852 40
226.4625 30 226.4625 50 227.98852 30 227.98852 50
226.4625 40 226.4625 60 227.98852 40 227.98852 60
226.4625 50 226.4625 70 227.98852 50 227.98852 70
226.4625 60 226.4625 80 227.98852 60 227.98852 80
226.4625 70 226.4625 90 227.98852 70 227.98852 90
226.4625 80 226.4625 100 227.98852 80 227.98852 100
115.77793 -10 115.77793 10 119.31445 -10 119.31445 10
115.77793 0 115.77793 20 119.31445 0 119.31445 20
115.77793 10 115.77793 30 119.31445 10 119.31445 30
115.77793 20 115.77793 40 119.31445 20 119.31445 40
115.77793 30 115.77793 50 119.31445 30 119.31445 50
115.77793 40 115.77793 60 119.31445 40 119.31445 60
115.77793 50 115.77793 70 119.31445 50 119.31445 70
115.77793 60 115.77793 80 119.31445 60 119.31445 80
115.77793 70 115.77793 90 119.31445 70 119.31445 90
115.77793 80 115.77793 100 119.31445 80 119.31445 100
47.06568 -10 47.06568 10 51.1835 -10 51.1835 10
47.06568 0 47.06568 20 51.1835 0 51.1835 20
47.06568 10 47.06568 30 51.1835 10 51.1835 30
47.06568 20 47.06568 40 51.1835 20 51.1835 40
47.06568 30 47.06568 50 51.1835 30 51.1835 50
47.06568 40 47.06568 60 51.1835 40 51.1835 60
47.06568 50 47.06568 70 51.1835 50 51.1835 70
47.06568 60 47.06568 80 51.1835 60 51.1835 80
47.06568 70 47.06568 90 51.1835 70 51.1835 90
47.06568 80 47.06568 100 51.1835 80 51.1835 100
152.84007 -10 152.84007 10 155.51803 -10 155.51803 10
152.84007 0 152.84007 20 155.51803 0 155.51803 20
152.84007 10 152.84007 30 155.51803 10 155.51803 30
152.84007 20 152.84007 40 155.51803 20 155.51803 40
152.84007 30 152.84007 50 155.51803 30 155.51803 50
152.84007 40 152.84007 60 155.51803 40 155.51803 60
152.84007 50 152.84007 70 155.51803 50 155.51803 70
152.84007 60 152.84007 80 155.51803 60 155.51803 80
152.84007 70 152.84007 90 155.51803 70 155.51803 90
152.84007 80 152.84007 100 155.51803 80 155.51803 100
171.20224 -10 171.20224 10 174.83176 -10 174.83176 10
171.20224 0 171.20224 20 174.83176 0 174.83176 20
171.20224 10 171.20224 30 174.83176 10 174.83176 30
171.20224 20 171.20224 40 174.83176 20 174.83176 40
171.20224 30 171.20224 50 174.83176 30 174.83176 50
171.20224 40 171.20224 60 174.83176 40 174.83176 60
171.20224 50 171.20224 70 174.83176 50 174.83176 70
171.20224 60 171.20224 80 174.83176 60 174.83176 80
171.20224 70 171.20224 90 174.83176 70 174.83176 90
171.20224 80 171.20224 100 174.83176 80 174.83176 100
204.6705 -10 204.6705 10 207.1806 -10 207.1806 10
204.6705 0 204.6705 20 207.1806 0 207.1806 20
204.6705 10 204.6705 30 207.1806 10 207.1806 30
204.6705 20 204.6705 40 207.1806 20 207.1806 40
204.6705 30 204.6705 50 207.1806 30 207.1806 50
204.6705 40 204.6705 60 207.1806 40 207.1806 60
204.6705 50 204.6705 70 207.1806 50 207.1806 70
204.6705 60 204.6705 80 207.1806 60 207.1806 80
204.6705 70 204.6705 90 207.1806 70 207.1806 90
204.6705 80 204.6705 100 207.1806 80 207.1806 100
177.52961 -10 177.52961 10 181.59779 -10 181.59779 10
177.52961 0 177.52961 20 181.59779 0 181.59779 20
177.52961 10 177.52961 30 181.59779 10 181.59779 30
177.52961 20 177.52961 40 181.59779 20 181.59779 40
177.52961 30 177.52961 50 181.59779 30 181.59779 50
177.52961 40 177.52961 60 181.59779 40 181.59779 60
177.52961 50 177.52961 70 181.59779 50 181.59779 70
177.52961 60 177.52961 80 181.59779 60 181.59779 80
177.52961 70 177.52961 90 181.59779 70 181.59779 90
177.52961 80 177.52961 100 181.59779 80 181.59779 100
61.20443 -10 61.20443 10 63.49129 -10 63.49129 10
61.20443 0 61.20443 20 63.49129 0 63.49129 20
61.20443 10 61.20443 30 63.49129 10 63.49129 30
61.20443 20 61.20443 40 63.49129 20 63.49129 40
61.20443 30 61.20443 50 63.49129 30 63.49129 50
61.20443 40 61.20443 60 63.49129 40 63.49129 60
61.20443 50 61.20443 70 63.49129 50 63.49129 70
61.20443 60 61.20443 80 63.49129 60 63.49129 80
61.20443 70 61.20443 90 63.49129 70 63.49129 90
61.20443 80 61.20443 100 63.49129 80 63.49129 100
Branches 200
204.95001 279.9264 1.0716
181.34577 292.51838 1.04258
296.15234 241.20685 1.96274
274.88898 132.76921 1.11148
14.33686 87.68803 1.12636
144.02419 276.44833 1.82401
46.73199 79.97123 1.85606
20.80834 150.15239 1.00905
58.92885 83.19396 1.12679
197.96234 81.4504 1.52079
203.96757 245.76457 1.31091
248.58792 118.30184 1.89575
40.47683 182.29472 1.2547
122.34735 79.34512 1.15764
26.47439 146.05893 1.38022
180.42339 197.79185 1.51147
129.81684 224.37118 1.60793
116.05196 140.30831 1.18343
168.31843 215.73834 1.33111
179.2849 283.80683 1.29088
290.22577 110.55009 1.55596
114.02845 127.04562 1.89164
227.01269 232.67208 1.37688
41.6822 195.30011 1.95467
207.02185 125.87262 1.57125
228.95883 163.97238 1.83176
63.28867 108.01984 1.8084
209.9 164.21654 1.37188
256.94359 135.61043 1.43111
166.32057 145.60933 1.46968
63.54164 268.58193 1.45058
226.75086 84.39294 1.13651
39.39745 206.18708 1.87524
189.37778 222.11406 1.01042
129.07204 88.44371 1.05326
23.46585 207.28939 1.75922
19.34645 176.9625 1.13771
56.08791 88.14219 1.57517
194.90383 254.62196 1.77458
182.39448 129.63386 1.21394
43.54963 124.73396 1.33833
124.02882 228.21876 1.3566
184.54743 247.35887 1.82413
175.64583 156.94347 1.54743
71.12462 185.41245 1.67137
174.39003 269.2664 1.94899
281.27721 290.25322 1.44106
146.86903 138.5902 1.09374
163.28468 267.02191 1.07406
35.31813 167.11935 1.85149
161.87384 199.28107 1.02795
237.22992 284.42698 1.51236
5.9525 263.38283 1.32409
288.22299 262.17286 1.30796
68.58374 93.44719 1.45893
54.92061 295.71377 1.84662
267.75367 260.06786 1.54041
204.95987 181.26778 1.0531
238.85282 113.00781 1.62848
163.04367 120.59212 1.12665
191.29864 240.24169 1.58934
12.36182 160.37841 1.76455
30.72761 214.19085 1.50422
70.31253 159.07794 1.98003
222.56951 285.32753 1.87553
274.71298 169.62008 1.11003
243.41572 211.84459 1.88291
57.71648 219.28491 1.31102
75.1864 176.04399 1.06961
229.32893 288.16511 1.35535
286.65822 142.84647 1.59966
37.50146 100.55238 1.28811
185.49893 146.28009 1.34761
275.07856 202.39706 1.11272
229.65608 128.52817 1.17074
286.38198 178.73054 1.34681
264.97218 234.41168 1.28436
167.70151 206.73388 1.99189
215.56932 250.81701 1.8183
60.6169 112.41504 1.66944
164.69673 160.31022 1.53964
101.84192 203.58139 1.83401
189.84047 277.23518 1.57555
12.07573 79.59319 1.04082
67.76577 115.29061 1.15457
105.24945 197.95736 1.15078
244.36597 85.11085 1.4755
256.92273 158.28908 1.50033
106.19711 202.15791 1.04401
194.54815 105.51401 1.8261
271.18453 239.69334 1.91688
38.19537 199.67338 1.79266
228.40756 148.24698 1.20116
174.09328 161.73225 1.46872
37.4642 114.33235 1.56775
238.98897 121.60789 1.22508
291.76379 217.10304 1.94702
260.20132 165.60581 1.38274
43.37201 162.39294 1.70092
42.96773 292.46527 1.40251
225.40549 77.5255 1.80771
46.11115 152.57167 1.46484
270.56084 211.86698 1.05271
47.11747 123.43413 1.26075
172.55366 295.58097 1.10887
69.5676 174.26324 1.64945
11.01603 115.33242 1.98989
203.02465 292.02459 1.22654
116.47445 148.12313 1.03075
75.6678 101.85292 1.5812
195.46307 85.54391 1.43966
267.39722 296.15645 1.5847
124.51693 249.73199 1.22492
65.73679 227.3269 1.30936
59.75326 189.56065 1.08838
113.72623 213.34362 1.03209
29.82286 170.90664 1.37246
32.81705 242.99276 1.4063
94.42413 165.41375 1.17892
148.30318 228.53946 1.95385
134.80271 164.0164 1.00599
284.96886 86.0801 1.36162
286.02635 277.62556 1.24473
97.69184 137.91479 1.11305
111.5453 224.82479 1.0475
240.44375 170.64698 1.79591
165.99225 212.35254 1.8632
114.25522 120.95216 1.55743
212.05417 175.96847 1.06432
80.49475 155.82809 1.98049
55.91929 261.09343 1.47118
276.42418 130.43799 1.63901
234.15088 153.05887 1.42796
282.05627 272.89965 1.06499
257.55264 284.04308 1.03513
256.01405 253.26446 1.07934
54.66789 284.46961 1.10661
117.21768 80.93732 1.39316
31.12191 161.58982 1.1655
107.43168 77.03584 1.18099
217.12746 296.39404 1.54012
20.74038 182.10507 1.10357
180.7046 190.55336 1.24909
62.80611 180.92121 1.1965
117.44388 169.71318 1.42526
128.7594 149.82108 1.36675
168.0879 184.58258 1.87757
21.944 188.99214 1.04465
187.53862 234.6471 1.22344
74.88463 273.38998 1.35945
53.11591 105.27752 1.31529
11.67507 142.63053 1.38014
129.31322 234.0677 1.87527
131.56549 281.30909 1.41484
282.33653 239.349 1.041
7.35096 238.46195 1.42419
34.73598 207.57066 1.1791
204.20889 152.25598 1.84388
3.10257 288.23209 1.51938
190.58483 94.29459 1.09499
109.13872 249.94284 1.60046
286.27149 80.55239 1.30821
200.06551 207.59891 1.24964
266.93286 278.11967 1.2898
293.44028 195.18663 1.68249
273.86315 109.29729 1.01127
99.91382 156.97037 1.82622
291.35752 266.02241 1.24975
101.77081 294.094 1.91352
239.20271 138.14743 1.22005
274.6888 277.01881 1.976
5.53298 132.68473 1.63472
169.77928 145.63582 1.52311
175.50149 220.62683 1.74129
173.99935 283.18919 1.31964
22.50743 265.18118 1.10361
124.71045 171.91643 1.23759
158.79991 171.44239 1.72369
295.98349 162.47878 1.03925
275.92403 155.84259 1.45086
143.7135 225.02287 1.96978
24.44159 182.42958 1.83606
140.4195 182.16353 1.20443
232.50834 282.87357 1.95102
271.46823 173.20667 1.78501
170.52753 230.07438 1.66425
292.51591 169.74885 1.56178
253.11658 219.64045 1.00459
255.21377 167.87828 1.24593
242.14993 247.69717 1.00833
173.48133 224.78701 1.45413
79.64127 140.18382 1.93634
207.12528 119.82004 1.27332
171.92682 87.19568 1.2554
233.76181 259.35195 1.84495
281.80835 86.01357 1.26196
97.40487 91.80129 1.5679
155.78677 139.84601 1.52661
131.45294 152.94555 1.27673
100.57966 200.01251 1.15168
Switches 2
0 120
0 0
Grounds 300
-0.5 -0.5 -0.5 0.5 0.5 -0.5 0.5 0.5
0.5 -0.5 0.5 0.5 1.5 -0.5 1.5 0.5
1.5 -0.5 1.5 0.5 2.5 -0.5 2.5 0.5
2.5 -0.5 2.5 0.5 3.5 -0.5 3.5 0.5
3.5 -0.5 3.5 0.5 4.5 -0.5 4.5 0.5
4.5 -0.5 4.5 0.5 5.5 -0.5 5.5 0.5
5.5 -0.5 5.5 0.5 6.5 -0.5 6.5 0.5
6.5 -0.5 6.5 0.5 7.5 -0.5 7.5 0.5
7.5 -0.5 7.5 0.5 8.5 -0.5 8.5 0.5
8.5 -0.5 8.5 0.5 9.5 -0.5 9.5 0.5
9.5 -0.5 9.5 0.5 10.5 -0.5 10.5 0.5
10.5 -0.5 10.5 0.5 11.5 -0.5 11.5 0.5
11.5 -0.5 11.5 0.5 12.5 -0.5 12.5 0.5
12.5 -0.5 12.5 0.5 13.5 -0.5 13.5 0.5
13.5 -0.5 13.5 0.5 14.5 -0.5 14.5 0.5
14.5 -0.5 14.5 0.5 15.5 -0.5 15.5 0.5
15.5 -0.5 15.5 0.5 16.5 -0.5 16.5 0.5
16.5 -0.5 16.5 0.5 17.5 -0.5 17.5 0.5
17.5 -0.5 17.5 0.5 18.5 -0.5 18.5 0.5
18.5 -0.5 18.5 0.5 19.5 -0.5 19.5 0.5
19.5 -0.5 19.5 0.5 20.5 -0.5 20.5 0.5
20.5 -0.5 20.5 0.5 21.5 -0.5 21.5 0.5
21.5 -0.5 21.5 0.5 22.5 -0.5 22.5 0.5
22.5 -0.5 22.5 0.5 23.5 -0.5 23.5 0.5
23.5 -0.5 23.5 0.5 24.5 -0.5 24.5 0.5
24.5 -0.5 24.5 0.5 25.5 -0.5 25.5 0.5
25.5 -0.5 25.5 0.5 26.5 -0.5 26.5 0.5
26.5 -0.5 26.5 0.5 27.5 -0.5 27.5 0.5
27.5 -0.5 27.5 0.5 28.5 -0.5 28.5 0.5
28.5 -0.5 28.5 0.5 29.5 -0.5 29.5 0.5
29.5 -0.5 29.5 0.5 30.5 -0.5 30.5 0.5
30.5 -0.5 30.5 0.5 31.5 -0.5 31.5 0.5
31.5 -0.5 31.5 0.5 32.5 -0.5 32.5 0.5
32.5 -0.5 32.5 0.5 33.5 -0.5 33.5 0.5
33.5 -0.5 33.5 0.5 34.5 -0.5 34.5 0.5
34.5 -0.5 34.5 0.5 35.5 -0.5 35.5 0.5
35.5 -0.5 35.5 0.5 36.5 -0.5 36.5 0.5
36.5 -0.5 36.5 0.5 37.5 -0.5 37.5 0.5
37.5 -0.5 37.5 0.5 38.5 -0.5 38.5 0.5
38.5 -0.5 38.5 0.5 39.5 -0.5 39.5 0.5
39.5 -0.5 39.5 0.5 40.5 -0.5 40.5 0.5
40.5 -0.5 40.5 0.5 41.5 -0.5 41.5 0.5
41.5 -0.5 41.5 0.5 42.5 -0.5 42.5 0.5
42.5 -0.5 42.5 0.5 43.5 -0.5 43.5 0.5
43.5 -0.5 43.5 0.5 44.5 -0.5 44.5 0.5
44.5 -0.5 44.5 0.5 45.5 -0.5 45.5 0.5
45.5 -0.5 45.5 0.5 46.5 -0.5 46.5 0.5
46.5 -0.5 46.5 0.5 47.5 -0.5 47.5 0.5
47.5 -0.5 47.5 0.5 48.5 -0.5 48.5 0.5
48.5 -0.5 48.5 0.5 49.5 -0.5 49.5 0.5
49.5 -0.5 49.5 0.5 50.5 -0.5 50.5 0.5
50.5 -0.5 50.5 0.5 51.5 -0.5 51.5 0.5
51.5 -0.5 51.5 0.5 52.5 -0.5 52.5 0.5
52.5 -0.5 52.5 0.5 53.5 -0.5 53.5 0.5
53.5 -0.5 53.5 0.5 54.5 -0.5 54.5 0.5
54.5 -0.5 54.5 0.5 55.5 -0.5 55.5 0.5
55.5 -0.5 55.5 0.5 56.5 -0.5 56.5 0.5
56.5 -0.5 56.5 0.5 57.5 -0.5 57.5 0.5
57.5 -0.5 57.5 0.5 58.5 -0.5 58.5 0.5
58.5 -0.5 58.5 0.5 59.5 -0.5 59.5 0.5
59.5 -0.5 59.5 0.5 60.5 -0.5 60.5 0.5
60.5 -0.5 60.5 0.5 61.5 -0.5 61.5 0.5
61.5 -0.5 61.5 0.5 62.5 -0.5 62.5 0.5
62.5 -0.5 62.5 0.5 63.5 -0.5 63.5 0.5
63.5 -0.5 63.5 0.5 64.5 -0.5 64.5 0.5
64.5 -0.5 64.5 0.5 65.5 -0.5 65.5 0.5
65.5 -0.5 65.5 0.5 66.5 -0.5 66.5 0.5
66.5 -0.5 66.5 0.5 67.5 -0.5 67.5 0.5
67.5 -0.5 67.5 0.5 68.5 -0.5 68.5 0.5
68.5 -0.5 68.5 0.5 69.5 -0.5 69.5 0.5
69.5 -0.5 69.5 0.5 70.5 -0.5 70.5 0.5
70.5 -0.5 70.5 0.5 71.5 -0.5 71.5 0.5
71.5 -0.5 71.5 0.5 72.5 -0.5 72.5 0.5
72.5 -0.5 72.5 0.5 73.5 -0.5 73.5 0.5
73.5 -0.5 73.5 0.5 74.5 -0.5 74.5 0.5
74.5 -0.5 74.5 0.5 75.5 -0.5 75.5 0.5
75.5 -0.5 75.5 0.5 76.5 -0.5 76.5 0.5
76.5 -0.5 76.5 0.5 77.5 -0.5 77.5 0.5
77.5 -0.5 77.5 0.5 78.5 -0.5 78.5 0.5
78.5 -0.5 78.5 0.5 79.5 -0.5 79.5 0.5
79.5 -0.5 79.5 0.5 80.5 -0.5 80.5 0.5
80.5 -0.5 80.5 0.5 81.5 -0.5 81.5 0.5
81.5 -0.5 81.5 0.5 82.5 -0.5 82.5 0.5
82.5 -0.5 82.5 0.5 83.5 -0.5 83.5 0.5
83.5 -0.5 83.5 0.5 84.5 -0.5 84.5 0.5
84.5 -0.5 84.5 0.5 85.5 -0.5 85.5 0.5
85.5 -0.5 85.5 0.5 86.5 -0.5 86.5 0.5
86.5 -0.5 86.5 0.5 87.5 -0.5 87.5 0.5
87.5 -0.5 87.5 0.5 88.5 -0.5 88.5 0.5
88.5 -0.5 88.5 0.5 89.5 -0.5 89.5 0.5
89.5 -0.5 89.5 0.5 90.5 -0.5 90.5 0.5
90.5 -0.5 90.5 0.5 91.5 -0.5 91.5 0.5
91.5 -0.5 91.5 0.5 92.5 -0.5 92.5 0.5
92.5 -0.5 92.5 0.5 93.5 -0.5 93.5 0.5
93.5 -0.5 93.5 0.5 94.5 -0.5 94.5 0.5
94.5 -0.5 94.5 0.5 95.5 -0.5 95.5 0.5
95.5 -0.5 95.5 0.5 96.5 -0.5 96.5 0.5
96.5 -0.5 96.5 0.5 97.5 -0.5 97.5 0.5
97.5 -0.5 97.5 0.5 98.5 -0.5 98.5 0.5
98.5 -0.5 98.5 0.5 99.5 -0.5 99.5 0.5
99.5 -0.5 99.5 0.5 100.5 -0.5 100.5 0.5
100.5 -0.5 100.5 0.5 101.5 -0.5 101.5 0.5
101.5 -0.5 101.5 0.5 102.5 -0.5 102.5 0.5
102.5 -0.5 102.5 0.5 103.5 -0.5 103.5 0.5
103.5 -0.5 103.5 0.5 104.5 -0.5 104.5 0.5
104.5 -0.5 104.5 0.5 105.5 -0.5 105.5 0.5
105.5 -0.5 105.5 0.5 106.5 -0.5 106.5 0.5
106.5 -0.5 106.5 0.5 107.5 -0.5 107.5 0.5
107.5 -0.5 107.5 0.5 108.5 -0.5 108.5 0.5
108.5 -0.5 108.5 0.5 109.5 -0.5 109.5 0.5
109.5 -0.5 109.5 0.5 110.5 -0.5 110.5 0.5
110.5 -0.5 110.5 0.5 111.5 -0.5 111.5 0.5
111.5 -0.5 111.5 0.5 112.5 -0.5 112.5 0.5
112.5 -0.5 112.5 0.5 113.5 -0.5 113.5 0.5
113.5 -0.5 113.5 0.5 114.5 -0.5 114.5 0.5
114.5 -0.5 114.5 0.5 115.5 -0.5 115.5 0.5
115.5 -0.5 115.5 0.5 116.5 -0.5 116.5 0.5
116.5 -0.5 116.5 0.5 117.5 -0.5 117.5 0.5
117.5 -0.5 117.5 0.5 118.5 -0.5 118.5 0.5
118.5 -0.5 118.5 0.5 119.5 -0.5 119.5 0.5
119.5 -0.5 119.5 0.5 120.5 -0.5 120.5 0.5
120.5 -0.5 120.5 0.5 121.5 -0.5 121.5 0.5
121.5 -0.5 121.5 0.5 122.5 -0.5 122.5 0.5
122.5 -0.5 122.5 0.5 123.5 -0.5 123.5 0.5
123.5 -0.5 123.5 0.5 124.5 -0.5 124.5 0.5
124.5 -0.5 124.5 0.5 125.5 -0.5 125.5 0.5
125.5 -0.5 125.5 0.5 126.5 -0.5 126.5 0.5
126.5 -0.5 126.5 0.5 127.5 -0.5 127.5 0.5
127.5 -0.5 127.5 0.5 128.5 -0.5 128.5 0.5
128.5 -0.5 128.5 0.5 129.5 -0.5 129.5 0.5
129.5 -0.5 129.5 0.5 130.5 -0.5 130.5 0.5
130.5 -0.5 130.5 0.5 131.5 -0.5 131.5 0.5
131.5 -0.5 131.5 0.5 132.5 -0.5 132.5 0.5
132.5 -0.5 132.5 0.5 133.5 -0.5 133.5 0.5
133.5 -0.5 133.5 0.5 134.5 -0.5 134.5 0.5
134.5 -0.5 134.5 0.5 135.5 -0.5 135.5 0.5
135.5 -0.5 135.5 0.5 136.5 -0.5 136.5 0.5
136.5 -0.5 136.5 0.5 137.5 -0.5 137.5 0.5
137.5 -0.5 137.5 0.5 138.5 -0.5 138.5 0.5
138.5 -0.5 138.5 0.5 139.5 -0.5 139.5 0.5
139.5 -0.5 139.5 0.5 140.5 -0.5 140.5 0.5
140.5 -0.5 140.5 0.5 141.5 -0.5 141.5 0.5
141.5 -0.5 141.5 0.5 142.5 -0.5 142.5 0.5
142.5 -0.5 142.5 0.5 143.5 -0.5 143.5 0.5
143.5 -0.5 143.5 0.5 144.5 -0.5 144.5 0.5
144.5 -0.5 144.5 0.5 145.5 -0.5 145.5 0.5
145.5 -0.5 145.5 0.5 146.5 -0.5 146.5 0.5
146.5 -0.5 146.5 0.5 147.5 -0.5 147.5 0.5
147.5 -0.5 147.5 0.5 148.5 -0.5 148.5 0.5
148.5 -0.5 148.5 0.5 149.5 -0.5 149.5 0.5
149.5 -0.5 149.5 0.5 150.5 -0.5 150.5 0.5
150.5 -0.5 150.5 0.5 151.5 -0.5 151.5 0.5
151.5 -0.5 151.5 0.5 152.5 -0.5 152.5 0.5
152.5 -0.5 152.5 0.5 153.5 -0.5 153.5 0.5
153.5 -0.5 153.5 0.5 154.5 -0.5 154.5 0.5
154.5 -0.5 154.5 0.5 155.5 -0.5 155.5 0.5
155.5 -0.5 155.5 0.5 156.5 -0.5 156.5 0.5
156.5 -0.5 156.5 0.5 157.5 -0.5 157.5 0.5
157.5 -0.5 157.5 0.5 158.5 -0.5 158.5 0.5
158.5 -0.5 158.5 0.5 159.5 -0.5 159.5 0.5
159.5 -0.5 159.5 0.5 160.5 -0.5 160.5 0.5
160.5 -0.5 160.5 0.5 161.5 -0.5 161.5 0.5
161.5 -0.5 161.5 0.5 162.5 -0.5 162.5 0.5
162.5 -0.5 162.5 0.5 163.5 -0.5 163.5 0.5
163.5 -0.5 163.5 0.5 164.5 -0.5 164.5 0.5
164.5 -0.5 164.5 0.5 165.5 -0.5 165.5 0.5
165.5 -0.5 165.5 0.5 166.5 -0.5 166.5 0.5
166.5 -0.5 166.5 0.5 167.5 -0.5 167.5 0.5
167.5 -0.5 167.5 0.5 168.5 -0.5 168.5 0.5
168.5 -0.5 168.5 0.5 169.5 -0.5 169.5 0.5
169.5 -0.5 169.5 0.5 170.5 -0.5 170.5 0.5
170.5 -0.5 170.5 0.5 171.5 -0.5 171.5 0.5
171.5 -0.5 171.5 0.5 172.5 -0.5 172.5 0.5
172.5 -0.5 172.5 0.5 173.5 -0.5 173.5 0.5
173.5 -0.5 173.5 0.5 174.5 -0.5 174.5 0.5
174.5 -0.5 174.5 0.5 175.5 -0.5 175.5 0.5
175.5 -0.5 175.5 0.5 176.5 -0.5 176.5 0.5
176.5 -0.5 176.5 0.5 177.5 -0.5 177.5 0.5
177.5 -0.5 177.5 0.5 178.5 -0.5 178.5 0.5
178.5 -0.5 178.5 0.5 179.5 -0.5 179.5 0.5
179.5 -0.5 179.5 0.5 180.5 -0.5 180.5 0.5
180.5 -0.5 180.5 0.5 181.5 -0.5 181.5 0.5
181.5 -0.5 181.5 0.5 182.5 -0.5 182.5 0.5
182.5 -0.5 182.5 0.5 183.5 -0.5 183.5 0.5
183.5 -0.5 183.5 0.5 184.5 -0.5 184.5 0.5
184.5 -0.5 184.5 0.5 185.5 -0.5 185.5 0.5
185.5 -0.5 185.5 0.5 186.5 -0.5 186.5 0.5
186.5 -0.5 186.5 0.5 187.5 -0.5 187.5 0.5
187.5 -0.5 187.5 0.5 188.5 -0.5 188.5 0.5
188.5 -0.5 188.5 0.5 189.5 -0.5 189.5 0.5
189.5 -0.5 189.5 0.5 190.5 -0.5 190.5 0.5
190.5 -0.5 190.5 0.5 191.5 -0.5 191.5 0.5
191.5 -0.5 191.5 0.5 192.5 -0.5 192.5 0.5
192.5 -0.5 192.5 0.5 193.5 -0.5 193.5 0.5
193.5 -0.5 193.5 0.5 194.5 -0.5 194.5 0.5
194.5 -0.5 194.5 0.5 195.5 -0.5 195.5 0.5
195.5 -0.5 195.5 0.5 196.5 -0.5 196.5 0.5
196.5 -0.5 196.5 0.5 197.5 -0.5 197.5 0.5
197.5 -0.5 197.5 0.5 198.5 -0.5 198.5 0.5
198.5 -0.5 198.5 0.5 199.5 -0.5 199.5 0.5
199.5 -0.5 199.5 0.5 200.5 -0.5 200.5 0.5
200.5 -0.5 200.5 0.5 201.5 -0.5 201.5 0.5
201.5 -0.5 201.5 0.5 202.5 -0.5 202.5 0.5
202.5 -0.5 202.5 0.5 203.5 -0.5 203.5 0.5
203.5 -0.5 203.5 0.5 204.5 -0.5 204.5 0.5
204.5 -0.5 204.5 0.5 205.5 -0.5 205.5 0.5
205.5 -0.5 205.5 0.5 206.5 -0.5 206.5 0.5
206.5 -0.5 206.5 0.5 207.5 -0.5 207.5 0.5
207.5 -0.5 207.5 0.5 208.5 -0.5 208.5 0.5
208.5 -0.5 208.5 0.5 209.5 -0.5 209.5 0.5
209.5 -0.5 209.5 0.5 210.5 -0.5 210.5 0.5
210.5 -0.5 210.5 0.5 211.5 -0.5 211.5 0.5
211.5 -0.5 211.5 0.5 212.5 -0.5 212.5 0.5
212.5 -0.5 212.5 0.5 213.5 -0.5 213.5 0.5
213.5 -0.5 213.5 0.5 214.5 -0.5 214.5 0.5
214.5 -0.5 214.5 0.5 215.5 -0.5 215.5 0.5
215.5 -0.5 215.5 0.5 216.5 -0.5 216.5 0.5
216.5 -0.5 216.5 0.5 217.5 -0.5 217.5 0.5
217.5 -0.5 217.5 0.5 218.5 -0.5 218.5 0.5
218.5 -0.5 218.5 0.5 219.5 -0.5 219.5 0.5
219.5 -0.5 219.5 0.5 220.5 -0.5 220.5 0.5
220.5 -0.5 220.5 0.5 221.5 -0.5 221.5 0.5
221.5 -0.5 221.5 0.5 222.5 -0.5 222.5 0.5
222.5 -0.5 222.5 0.5 223.5 -0.5 223.5 0.5
223.5 -0.5 223.5 0.5 224.5 -0.5 224.5 0.5
224.5 -0.5 224.5 0.5 225.5 -0.5 225.5 0.5
225.5 -0.5 225.5 0.5 226.5 -0.5 226.5 0.5
226.5 -0.5 226.5 0.5 227.5 -0.5 227.5 0.5
227.5 -0.5 227.5 0.5 228.5 -0.5 228.5 0.5
228.5 -0.5 228.5 0.5 229.5 -0.5 229.5 0.5
229.5 -0.5 229.5 0.5 230.5 -0.5 230.5 0.5
230.5 -0.5 230.5 0.5 231.5 -0.5 231.5 0.5
231.5 -0.5 231.5 0.5 232.5 -0.5 232.5 0.5
232.5 -0.5 232.5 0.5 233.5 -0.5 233.5 0.5
233.5 -0.5 233.5 0.5 234.5 -0.5 234.5 0.5
234.5 -0.5 234.5 0.5 235.5 -0.5 235.5 0.5
235.5 -0.5 235.5 0.5 236.5 -0.5 236.5 0.5
236.5 -0.5 236.5 0.5 237.5 -0.5 237.5 0.5
237.5 -0.5 237.5 0.5 238.5 -0.5 238.5 0.5
238.5 -0.5 238.5 0.5 239.5 -0.5 239.5 0.5
239.5 -0.5 239.5 0.5 240.5 -0.5 240.5 0.5
240.5 -0.5 240.5 0.5 241.5 -0.5 241.5 0.5
241.5 -0.5 241.5 0.5 242.5 -0.5 242.5 0.5
242.5 -0.5 242.5 0.5 243.5 -0.5 243.5 0.5
243.5 -0.5 243.5 0.5 244.5 -0.5 244.5 0.5
244.5 -0.5 244.5 0.5 245.5 -0.5 245.5 0.5
245.5 -0.5 245.5 0.5 246.5 -0.5 246.5 0.5
246.5 -0.5 246.5 0.5 247.5 -0.5 247.5 0.5
247.5 -0.5 247.5 0.5 248.5 -0.5 248.5 0.5
248.5 -0.5 248.5 0.5 249.5 -0.5 249.5 0.5
249.5 -0.5 249.5 0.5 250.5 -0.5 250.5 0.5
250.5 -0.5 250.5 0.5 251.5 -0.5 251.5 0.5
251.5 -0.5 251.5 0.5 252.5 -0.5 252.5 0.5
252.5 -0.5 252.5 0.5 253.5 -0.5 253.5 0.5
253.5 -0.5 253.5 0.5 254.5 -0.5 254.5 0.5
254.5 -0.5 254.5 0.5 255.5 -0.5 255.5 0.5
255.5 -0.5 255.5 0.5 256.5 -0.5 256.5 0.5
256.5 -0.5 256.5 0.5 257.5 -0.5 257.5 0.5
257.5 -0.5 257.5 0.5 258.5 -0.5 258.5 0.5
258.5 -0.5 258.5 0.5 259.5 -0.5 259.5 0.5
259.5 -0.5 259.5 0.5 260.5 -0.5 260.5 0.5
260.5 -0.5 260.5 0.5 261.5 -0.5 261.5 0.5
261.5 -0.5 261.5 0.5 262.5 -0.5 262.5 0.5
262.5 -0.5 262.5 0.5 263.5 -0.5 263.5 0.5
263.5 -0.5 263.5 0.5 264.5 -0.5 264.5 0.5
264.5 -0.5 264.5 0.5 265.5 -0.5 265.5 0.5
265.5 -0.5 265.5 0.5 266.5 -0.5 266.5 0.5
266.5 -0.5 266.5 0.5 267.5 -0.5 267.5 0.5
267.5 -0.5 267.5 0.5 268.5 -0.5 268.5 0.5
268.5 -0.5 268.5 0.5 269.5 -0.5 269.5 0.5
269.5 -0.5 269.5 0.5 270.5 -0.5 270.5 0.5
270.5 -0.5 270.5 0.5 271.5 -0.5 271.5 0.5
271.5 -0.5 271.5 0.5 272.5 -0.5 272.5 0.5
272.5 -0.5 272.5 0.5 273.5 -0.5 273.5 0.5
273.5 -0.5 273.5 0.5 274.5 -0.5 274.5 0.5
274.5 -0.5 274.5 0.5 275.5 -0.5 275.5 0.5
275.5 -0.5 275.5 0.5 276.5 -0.5 276.5 0.5
276.5 -0.5 276.5 0.5 277.5 -0.5 277.5 0.5
277.5 -0.5 277.5 0.5 278.5 -0.5 278.5 0.5
278.5 -0.5 278.5 0.5 279.5 -0.5 279.5 0.5
279.5 -0.5 279.5 0.5 280.5 -0.5 280.5 0.5
280.5 -0.5 280.5 0.5 281.5 -0.5 281.5 0.5
281.5 -0.5 281.5 0.5 282.5 -0.5 282.5 0.5
282.5 -0.5 282.5 0.5 283.5 -0.5 283.5 0.5
283.5 -0.5 283.5 0.5 284.5 -0.5 284.5 0.5
284.5 -0.5 284.5 0.5 285.5 -0.5 285.5 0.5
285.5 -0.5 285.5 0.5 286.5 -0.5 286.5 0.5
286.5 -0.5 286.5 0.5 287.5 -0.5 287.5 0.5
287.5 -0.5 287.5 0.5 288.5 -0.5 288.5 0.5
288.5 -0.5 288.5 0.5 289.5 -0.5 289.5 0.5
289.5 -0.5 289.5 0.5 290.5 -0.5 290.5 0.5
290.5 -0.5 290.5 0.5 291.5 -0.5 291.5 0.5
291.5 -0.5 291.5 0.5 292.5 -0.5 292.5 0.5
292.5 -0.5 292.5 0.5 293.5 -0.5 293.5 0.5
293.5 -0.5 293.5 0.5 294.5 -0.5 294.5 0.5
294.5 -0.5 294.5 0.5 295.5 -0.5 295.5 0.5
295.5 -0.5 295.5 0.5 296.5 -0.5 296.5 0.5
296.5 -0.5 296.5 0.5 297.5 -0.5 297.5 0.5
297.5 -0.5 297.5 0.5 298.5 -0.5 298.5 0.5
298.5 -0.5 298.5 0.5 299.5 -0.5 299.5 0.5