Landmarks 0
Trees 100
81.87903 31.2725 1.68935
55.60805 5.08882 2.38931
70.85587 150.96576 2.73586
62.47202 255.15342 1.64042
50.93044 157.31006 2.03381
74.74056 84.25481 2.46827
82.66805 147.71548 1.92062
43.69929 22.55617 1.59613
39.56842 293.62277 2.08911
33.01413 73.96562 2.75452
77.3077 234.92984 1.85608
58.56583 195.73595 1.69093
70.56949 188.48959 1.9357
68.24238 139.91387 2.45965
84.50834 88.71168 2.13653
81.86534 63.73839 2.54445
47.51498 139.351 2.50417
72.94928 96.06078 1.80807
74.27132 5.76913 1.97552
42.93196 168.33117 2.40688
58.84401 120.97755 2.37252
43.73748 271.32257 2.69641
43.76377 211.81195 2.82971
46.66476 11.11787 2.19734
70.05442 112.85455 1.99725
78.04902 166.53718 1.74804
50.45014 285.77036 2.41542
76.75579 13.6741 1.75986
40.14716 224.97518 1.63588
86.66576 107.40707 2.37931
55.43019 156.33797 1.77224
44.61959 96.64334 2.61766
52.46665 234.55481 1.51088
52.97187 38.80626 1.88859
72.27537 143.74531 1.8576
37.91778 161.23469 1.96828
61.70326 105.57087 1.99428
36.25482 181.84863 1.93691
33.37933 269.68489 2.42812
58.26417 271.05492 2.38469
35.2554 89.46423 1.69885
71.12493 271.56822 2.32593
53.69941 54.48184 2.42939
60.04985 138.75828 2.54053
38.60915 264.26427 1.59898
68.32773 11.46746 2.41056
74.03544 132.92846 2.09384
52.5038 222.50191 1.80524
51.25568 80.86822 1.79248
70.94229 169.59993 1.86334
84.48602 254.25477 2.97014
48.30979 92.95803 2.52881
83.82725 76.67595 1.60993
56.48902 262.28427 2.63918
35.85657 213.25224 1.79217
40.00751 234.1962 2.83555
41.53936 153.26201 2.78019
56.89796 66.79814 2.93015
45.98761 30.71224 2.95693
39.00814 117.3339 2.27361
79.43394 82.48303 1.70813
53.89914 274.88268 1.82871
68.24137 216.46616 2.61589
49.66597 191.76147 2.61342
52.24928 211.24025 1.93791
63.52588 95.46655 1.98922
67.38685 195.68782 1.80652
86.99643 279.40543 2.83356
53.12544 94.94154 1.6865
34.94741 235.25152 1.56779
47.66409 124.24797 2.23352
60.42964 296.41856 2.0546
48.77672 68.4895 2.36255
34.0293 17.34095 2.45172
68.35113 177.4572 2.78338
40.13449 216.29031 2.13715
68.95072 233.08248 2.63536
72.42277 195.53474 1.531
84.55756 155.67163 2.12666
47.32649 262.30015 1.70757
72.65009 101.96616 1.78449
70.69775 207.60733 2.97597
76.4433 242.67087 2.23185
66.98304 3.79933 2.38218
83.74824 169.61618 2.19459
47.80827 276.31403 2.13981
34.73417 25.72396 1.94309
59.02515 131.40022 2.8288
54.22162 182.17456 2.53368
49.64065 13.89271 1.73279
67.64265 31.44026 2.80948
76.93381 220.10836 1.61053
47.33289 50.77235 2.40039
77.26 172.58391 2.394
68.07493 226.05768 2.28207
64.37821 8.4506 2.52172
67.21632 239.10302 1.61288
44.61706 183.20468 2.45659
36.48622 93.19726 2.1386
72.66424 66.08936 1.78597
Platforms 70
194.84018 -10 194.84018 10 196.63172 -10 196.63172 10
194.84018 0 194.84018 20 196.63172 0 196.63172 20
194.84018 10 194.84018 30 196.63172 10 196.63172 30
194.84018 20 194.84018 40 196.63172 20 196.63172 40
194.84018 30 194.84018 50 196.63172 30 196.63172 50
194.84018 40 194.84018 60 196.63172 40 196.63172 60
194.84018 50 194.84018 70 196.63172 50 196.63172 70
194.84018 60 194.84018 80 196.63172 60 196.63172 80
194.84018 70 194.84018 90 196.63172 70 196.63172 90
194.84018 80 194.84018 100 196.63172 80 196.63172 100
118.90571 -10 118.90571 10 123.04939 -10 123.04939 10
118.90571 0 118.90571 20 123.04939 0 123.04939 20
118.90571 10 118.90571 30 123.04939 10 123.04939 30
118.90571 20 118.90571 40 123.04939 20 123.04939 40
118.90571 30 118.90571 50 123.04939 30 123.04939 50
118.90571 40 118.90571 60 123.04939 40 123.04939 60
118.90571 50 118.90571 70 123.04939 50 123.04939 70
118.90571 60 118.90571 80 123.04939 60 123.04939 80
118.90571 70 118.90571 90 123.04939 70 123.04939 90
118.90571 80 118.90571 100 123.04939 80 123.04939 100
104.53354 -10 104.53354 10 106.6082 -10 106.6082 10
104.53354 0 104.53354 20 106.6082 0 106.6082 20
104.53354 10 104.53354 30 106.6082 10 106.6082 30
104.53354 20 104.53354 40 106.6082 20 106.6082 40
104.53354 30 104.53354 50 106.6082 30 106.6082 50
104.53354 40 104.53354 60 106.6082 40 106.6082 60
104.53354 50 104.53354 70 106.6082 50 106.6082 70
104.53354 60 104.53354 80 106.6082 60 106.6082 80
104.53354 70 104.53354 90 106.6082 70 106.6082 90
104.53354 80 104.53354 100 106.6082 80 106.6082 100
269.41979 -10 269.41979 10 272.69005 -10 272.69005 10
269.41979 0 269.41979 20 272.69005 0 272.69005 20
269.41979 10 269.41979 30 272.69005 10 272.69005 30
269.41979 20 269.41979 40 272.69005 20 272.69005 40
269.41979 30 269.41979 50 272.69005 30 272.69005 50
269.41979 40 269.41979 60 272.69005 40 272.69005 60
269.41979 50 269.41979 70 272.69005 50 272.69005 70
269.41979 60 269.41979 80 272.69005 60 272.69005 80
269.41979 70 269.41979 90 272.69005 70 272.69005 90
269.41979 80 269.41979 100 272.69005 80 272.69005 100
136.21824 -10 136.21824 10 141.29832 -10 141.29832 10
136.21824 0 136.21824 20 141.29832 0 141.29832 20
136.21824 10 136.21824 30 141.29832 10 141.29832 30
136.21824 20 136.21824 40 141.29832 20 141.29832 40
136.21824 30 136.21824 50 141.29832 30 141.29832 50
136.21824 40 136.21824 60 141.29832 40 141.29832 60
136.21824 50 136.21824 70 141.29832 50 141.29832 70
136.21824 60 136.21824 80 141.29832 60 141.29832 80
136.21824 70 136.21824 90 141.29832 70 141.29832 90
136.21824 80 136.21824 100 141.29832 80 141.29832 100
294.40938 -10 294.40938 10 298.42774 -10 298.42774 10
294.40938 0 294.40938 20 298.42774 0 298.42774 20
294.40938 10 294.40938 30 298.42774 10 298.42774 30
294.40938 20 294.40938 40 298.42774 20 298.42774 40
294.40938 30 294.40938 50 298.42774 30 298.42774 50
294.40938 40 294.40938 60 298.42774 40 298.42774 60
294.40938 50 294.40938 70 298.42774 50 298.42774 70
294.40938 60 294.40938 80 298.42774 60 298.42774 80
294.40938 70 294.40938 90 298.42774 70 298.42774 90
294.40938 80 294.40938 100 298.42774 80 298.42774 100
128.7447 -10 128.7447 10 134.05574 -10 134.05574 10
128.7447 0 128.7447 20 134.05574 0 134.05574 20
128.7447 10 128.7447 30 134.05574 10 134.05574 30
128.7447 20 128.7447 40 134.05574 20 134.05574 40
128.7447 30 128.7447 50 134.05574 30 134.05574 50
128.7447 40 128.7447 60 134.05574 40 134.05574 60
128.7447 50 128.7447 70 134.05574 50 134.05574 70
128.7447 60 128.7447 80 134.05574 60 134.05574 80
128.7447 70 128.7447 90 134.05574 70 134.05574 90
128.7447 80 128.7447 100 134.05574 80 134.05574 100
Branches 200
145.39889 97.50516 1.5617
56.81833 108.11174 1.23008
39.43618 274.1263 1.09479
223.87875 223.16496 1.3365
206.17182 93.09173 1.36286
53.09992 158.73958 1.43122
61.3737 266.75943 1.12833
285.3405 255.22624 1.9812
25.32467 290.32879 1.54025
293.69981 258.4759 1.92709
223.42745 191.76721 1.11072
69.59086 279.47557 1.82424
163.56481 214.96582 1.30124
156.29603 170.26274 1.66133
125.88746 238.22974 1.36408
67.68042 172.95711 1.02791
18.92127 198.50568 1.19077
43.2894 280.23415 1.17968
168.92234 136.632 1.47693
175.7439 235.44006 1.84589
187.19226 151.85397 1.24921
84.84153 214.43563 1.96042
273.38635 180.99216 1.22584
123.0987 256.73358 1.70282
162.5603 90.74764 1.73898
252.07704 99.09393 1.90902
157.92703 287.49012 1.85799
104.01962 290.67089 1.69468
267.36829 105.95177 1.78516
72.95775 174.78616 1.20658
256.60955 260.12941 1.71287
146.67625 169.16436 1.47374
176.53692 184.14429 1.26643
102.53126 286.71476 1.09084
184.36362 113.27927 1.83305
44.52133 83.33227 1.39893
35.97825 202.80652 1.88072
287.76333 173.96384 1.48869
295.17182 207.42577 1.6485
236.29627 245.28889 1.72503
120.88608 151.40378 1.40607
138.76936 271.05921 1.76934
134.2408 245.40598 1.88939
206.45853 260.30495 1.78808
7.30067 140.57568 1.03708
52.69802 109.29227 1.90666
90.49256 175.20617 1.29546
89.79814 142.81595 1.96709
88.13712 209.13174 1.36678
210.69597 89.93767 1.27837
246.14405 148.91975 1.2673
96.29358 136.00109 1.7938
166.96379 126.36272 1.2211
256.21542 209.499 1.27212
293.36065 77.06924 1.82914
17.06392 266.34843 1.54405
140.48499 233.68843 1.9134
48.82935 198.09219 1.79843
52.5061 287.35242 1.04077
244.07438 183.45738 1.84848
73.1567 166.04693 1.67996
161.6419 259.98054 1.14196
269.88376 139.83509 1.72803
163.17362 116.99065 1.49562
256.02584 162.51156 1.88322
175.77354 218.89651 1.1972
239.27827 153.61217 1.4917
24.90251 263.28937 1.50529
124.51459 246.70136 1.03553
153.99333 220.5716 1.82498
196.92766 138.36345 1.22847
23.34704 280.2663 1.96333
108.62733 236.33549 1.4774
117.85161 87.74571 1.54968
282.6841 232.07331 1.42891
259.10221 121.71203 1.88223
248.21261 277.38016 1.83607
275.04077 229.51278 1.25164
9.31685 260.1992 1.03133
67.91165 93.48683 1.31544
190.19423 284.6803 1.9619
107.82833 95.56641 1.33213
58.22612 222.42756 1.79278
1.20624 91.99423 1.21339
113.68622 232.62261 1.99101
220.0959 93.4786 1.91635
157.36402 249.12572 1.34055
276.94931 94.59969 1.85855
15.78529 186.74709 1.70522
36.21428 194.23822 1.4121
215.77958 283.15913 1.07198
254.72443 166.19286 1.44234
210.07852 193.03204 1.0884
248.92471 113.77388 1.36594
33.73002 170.66613 1.718
175.24023 97.08072 1.40738
88.7129 114.76845 1.79626
75.46656 200.37982 1.43687
156.16346 91.42918 1.82513
51.88051 134.24004 1.21558
160.37071 197.70627 1.41152
283.83435 97.06156 1.79208
292.4492 267.71024 1.40946
129.25017 113.74319 1.97993
189.77164 273.96976 1.43466
27.59788 120.88318 1.61487
292.37887 102.51084 1.17583
273.43546 140.93631 1.85301
72.51391 171.90204 1.02062
200.60453 267.9937 1.19666
132.94663 240.0601 1.03105
143.96214 287.08662 1.9221
169.17562 238.53313 1.2517
142.17337 99.54069 1.52824
28.04463 266.2188 1.384
11.03357 193.06083 1.89313
172.03767 102.96576 1.56973
209.05069 239.10301 1.92598
78.48256 240.00908 1.16189
144.71062 153.99829 1.37441
120.9264 207.22 1.97972
178.08621 220.77596 1.24174
134.90892 216.00989 1.29296
187.09108 260.83692 1.37531
182.66183 97.39478 1.92944
221.27438 152.85115 1.97616
249.01314 225.33147 1.84149
181.36163 102.29674 1.87709
117.37262 97.06938 1.88281
126.77026 226.87977 1.91009
32.56409 86.19385 1.84727
275.05471 218.03778 1.31757
146.97285 195.29065 1.67545
145.736 165.25455 1.05684
138.25318 281.5267 1.38667
76.68779 235.67168 1.44593
251.77204 276.99756 1.1958
294.25673 184.91498 1.86763
204.10933 125.2339 1.46758
18.71204 243.07591 1.17463
147.32635 88.16974 1.05463
26.52096 260.08946 1.26402
213.89475 184.99067 1.98797
160.25205 283.81875 1.34327
65.17691 158.96885 1.76629
235.2819 223.43171 1.60994
273.78882 104.85494 1.68518
108.51508 108.33618 1.26265
152.06506 160.9464 1.02597
56.02471 232.75821 1.17456
85.26719 261.29282 1.00937
84.13483 234.40681 1.21257
263.36699 288.77463 1.45049
77.93663 210.74848 1.96343
2.9292 285.89788 1.79342
171.35782 213.54939 1.94695
116.20459 214.42249 1.56955
184.40434 292.24215 1.40047
200.55742 127.68687 1.12205
44.51727 132.0269 1.54829
8.00582 151.32629 1.59987
276.36221 259.68289 1.63922
27.07078 216.4512 1.88223
123.4673 277.69183 1.05073
244.57195 237.99236 1.95553
238.00139 290.92376 1.52343
81.43393 157.76515 1.63274
103.93519 87.72821 1.71904
18.33333 132.75877 1.34908
240.63599 80.37558 1.54907
245.16877 209.38657 1.00885
187.94996 83.7894 1.55438
144.75629 229.58457 1.21173
95.05549 216.82799 1.83233
251.01567 105.23661 1.38512
196.98888 234.41746 1.38057
62.90739 234.11417 1.74773
1.67895 224.45793 1.10373
135.96877 191.46622 1.09862
94.9837 232.59833 1.82409
69.068 175.96922 1.66637
177.36199 124.40622 1.19446
260.84105 253.45262 1.20822
163.94656 185.90276 1.22391
115.32904 115.81643 1.35597
132.84556 108.36774 1.48389
225.23705 150.15864 1.18989
67.23861 297.91293 1.59084
62.2292 280.2635 1.4529
175.51012 259.23641 1.57078
115.12224 270.28606 1.27978
127.54643 266.78269 1.77862
108.7058 202.79339 1.11244
228.71357 282.10069 1.56485
29.81633 163.13607 1.90677
187.71876 217.06534 1.64333
77.9727 142.33972 1.75496
80.87123 132.80218 1.17
96.10712 204.43987 1.27226
41.59022 108.75971 1.42599
Switches 2
60 240
60 60
Grounds 300
-0.5 -0.5 -0.5 0.5 0.5 -0.5 0.5 0.5
0.5 -0.5 0.5 0.5 1.5 -0.5 1.5 0.5
1.5 -0.5 1.5 0.5 2.5 -0.5 2.5 0.5
2.5 -0.5 2.5 0.5 3.5 -0.5 3.5 0.5
3.5 -0.5 3.5 0.5 4.5 -0.5 4.5 0.5
4.5 -0.5 4.5 0.5 5.5 -0.5 5.5 0.5
5.5 -0.5 5.5 0.5 6.5 -0.5 6.5 0.5
6.5 -0.5 6.5 0.5 7.5 -0.5 7.5 0.5
7.5 -0.5 7.5 0.5 8.5 -0.5 8.5 0.5
8.5 -0.5 8.5 0.5 9.5 -0.5 9.5 0.5
9.5 -0.5 9.5 0.5 10.5 -0.5 10.5 0.5
10.5 -0.5 10.5 0.5 11.5 -0.5 11.5 0.5
11.5 -0.5 11.5 0.5 12.5 -0.5 12.5 0.5
12.5 -0.5 12.5 0.5 13.5 -0.5 13.5 0.5
13.5 -0.5 13.5 0.5 14.5 -0.5 14.5 0.5
14.5 -0.5 14.5 0.5 15.5 -0.5 15.5 0.5
15.5 -0.5 15.5 0.5 16.5 -0.5 16.5 0.5
16.5 -0.5 16.5 0.5 17.5 -0.5 17.5 0.5
17.5 -0.5 17.5 0.5 18.5 -0.5 18.5 0.5
18.5 -0.5 18.5 0.5 19.5 -0.5 19.5 0.5
19.5 -0.5 19.5 0.5 20.5 -0.5 20.5 0.5
20.5 -0.5 20.5 0.5 21.5 -0.5 21.5 0.5
21.5 -0.5 21.5 0.5 22.5 -0.5 22.5 0.5
22.5 -0.5 22.5 0.5 23.5 -0.5 23.5 0.5
23.5 -0.5 23.5 0.5 24.5 -0.5 24.5 0.5
24.5 -0.5 24.5 0.5 25.5 -0.5 25.5 0.5
25.5 -0.5 25.5 0.5 26.5 -0.5 26.5 0.5
26.5 -0.5 26.5 0.5 27.5 -0.5 27.5 0.5
27.5 -0.5 27.5 0.5 28.5 -0.5 28.5 0.5
28.5 -0.5 28.5 0.5 29.5 -0.5 29.5 0.5
29.5 -0.5 29.5 0.5 30.5 -0.5 30.5 0.5
30.5 -0.5 30.5 0.5 31.5 -0.5 31.5 0.5
31.5 -0.5 31.5 0.5 32.5 -0.5 32.5 0.5
32.5 -0.5 32.5 0.5 33.5 -0.5 33.5 0.5
33.5 -0.5 33.5 0.5 34.5 -0.5 34.5 0.5
34.5 -0.5 34.5 0.5 35.5 -0.5 35.5 0.5
35.5 -0.5 35.5 0.5 36.5 -0.5 36.5 0.5
36.5 -0.5 36.5 0.5 37.5 -0.5 37.5 0.5
37.5 -0.5 37.5 0.5 38.5 -0.5 38.5 0.5
38.5 -0.5 38.5 0.5 39.5 -0.5 39.5 0.5
39.5 -0.5 39.5 0.5 40.5 -0.5 40.5 0.5
40.5 -0.5 40.5 0.5 41.5 -0.5 41.5 0.5
41.5 -0.5 41.5 0.5 42.5 -0.5 42.5 0.5
42.5 -0.5 42.5 0.5 43.5 -0.5 43.5 0.5
43.5 -0.5 43.5 0.5 44.5 -0.5 44.5 0.5
44.5 -0.5 44.5 0.5 45.5 -0.5 45.5 0.5
45.5 -0.5 45.5 0.5 46.5 -0.5 46.5 0.5
46.5 -0.5 46.5 0.5 47.5 -0.5 47.5 0.5
47.5 -0.5 47.5 0.5 48.5 -0.5 48.5 0.5
48.5 -0.5 48.5 0.5 49.5 -0.5 49.5 0.5
49.5 -0.5 49.5 0.5 50.5 -0.5 50.5 0.5
50.5 -0.5 50.5 0.5 51.5 -0.5 51.5 0.5
51.5 -0.5 51.5 0.5 52.5 -0.5 52.5 0.5
52.5 -0.5 52.5 0.5 53.5 -0.5 53.5 0.5
53.5 -0.5 53.5 0.5 54.5 -0.5 54.5 0.5
54.5 -0.5 54.5 0.5 55.5 -0.5 55.5 0.5
55.5 -0.5 55.5 0.5 56.5 -0.5 56.5 0.5
56.5 -0.5 56.5 0.5 57.5 -0.5 57.5 0.5
57.5 -0.5 57.5 0.5 58.5 -0.5 58.5 0.5
58.5 -0.5 58.5 0.5 59.5 -0.5 59.5 0.5
59.5 -0.5 59.5 0.5 60.5 -0.5 60.5 0.5
60.5 -0.5 60.5 0.5 61.5 -0.5 61.5 0.5
61.5 -0.5 61.5 0.5 62.5 -0.5 62.5 0.5
62.5 -0.5 62.5 0.5 63.5 -0.5 63.5 0.5
63.5 -0.5 63.5 0.5 64.5 -0.5 64.5 0.5
64.5 -0.5 64.5 0.5 65.5 -0.5 65.5 0.5
65.5 -0.5 65.5 0.5 66.5 -0.5 66.5 0.5
66.5 -0.5 66.5 0.5 67.5 -0.5 67.5 0.5
67.5 -0.5 67.5 0.5 68.5 -0.5 68.5 0.5
68.5 -0.5 68.5 0.5 69.5 -0.5 69.5 0.5
69.5 -0.5 69.5 0.5 70.5 -0.5 70.5 0.5
70.5 -0.5 70.5 0.5 71.5 -0.5 71.5 0.5
71.5 -0.5 71.5 0.5 72.5 -0.5 72.5 0.5
72.5 -0.5 72.5 0.5 73.5 -0.5 73.5 0.5
73.5 -0.5 73.5 0.5 74.5 -0.5 74.5 0.5
74.5 -0.5 74.5 0.5 75.5 -0.5 75.5 0.5
75.5 -0.5 75.5 0.5 76.5 -0.5 76.5 0.5
76.5 -0.5 76.5 0.5 77.5 -0.5 77.5 0.5
77.5 -0.5 77.5 0.5 78.5 -0.5 78.5 0.5
78.5 -0.5 78.5 0.5 79.5 -0.5 79.5 0.5
79.5 -0.5 79.5 0.5 80.5 -0.5 80.5 0.5
80.5 -0.5 80.5 0.5 81.5 -0.5 81.5 0.5
81.5 -0.5 81.5 0.5 82.5 -0.5 82.5 0.5
82.5 -0.5 82.5 0.5 83.5 -0.5 83.5 0.5
83.5 -0.5 83.5 0.5 84.5 -0.5 84.5 0.5
84.5 -0.5 84.5 0.5 85.5 -0.5 85.5 0.5
85.5 -0.5 85.5 0.5 86.5 -0.5 86.5 0.5
86.5 -0.5 86.5 0.5 87.5 -0.5 87.5 0.5
87.5 -0.5 87.5 0.5 88.5 -0.5 88.5 0.5
88.5 -0.5 88.5 0.5 89.5 -0.5 89.5 0.5
89.5 -0.5 89.5 0.5 90.5 -0.5 90.5 0.5
90.5 -0.5 90.5 0.5 91.5 -0.5 91.5 0.5
91.5 -0.5 91.5 0.5 92.5 -0.5 92.5 0.5
92.5 -0.5 92.5 0.5 93.5 -0.5 93.5 0.5
93.5 -0.5 93.5 0.5 94.5 -0.5 94.5 0.5
94.5 -0.5 94.5 0.5 95.5 -0.5 95.5 0.5
95.5 -0.5 95.5 0.5 96.5 -0.5 96.5 0.5
96.5 -0.5 96.5 0.5 97.5 -0.5 97.5 0.5
97.5 -0.5 97.5 0.5 98.5 -0.5 98.5 0.5
98.5 -0.5 98.5 0.5 99.5 -0.5 99.5 0.5
99.5 -0.5 99.5 0.5 100.5 -0.5 100.5 0.5
100.5 -0.5 100.5 0.5 101.5 -0.5 101.5 0.5
101.5 -0.5 101.5 0.5 102.5 -0.5 102.5 0.5
102.5 -0.5 102.5 0.5 103.5 -0.5 103.5 0.5
103.5 -0.5 103.5 0.5 104.5 -0.5 104.5 0.5
104.5 -0.5 104.5 0.5 105.5 -0.5 105.5 0.5
105.5 -0.5 105.5 0.5 106.5 -0.5 106.5 0.5
106.5 -0.5 106.5 0.5 107.5 -0.5 107.5 0.5
107.5 -0.5 107.5 0.5 108.5 -0.5 108.5 0.5
108.5 -0.5 108.5 0.5 109.5 -0.5 109.5 0.5
109.5 -0.5 109.5 0.5 110.5 -0.5 110.5 0.5
110.5 -0.5 110.5 0.5 111.5 -0.5 111.5 0.5
111.5 -0.5 111.5 0.5 112.5 -0.5 112.5 0.5
112.5 -0.5 112.5 0.5 113.5 -0.5 113.5 0.5
113.5 -0.5 113.5 0.5 114.5 -0.5 114.5 0.5
114.5 -0.5 114.5 0.5 115.5 -0.5 115.5 0.5
115.5 -0.5 115.5 0.5 116.5 -0.5 116.5 0.5
116.5 -0.5 116.5 0.5 117.5 -0.5 117.5 0.5
117.5 -0.5 117.5 0.5 118.5 -0.5 118.5 0.5
118.5 -0.5 118.5 0.5 119.5 -0.5 119.5 0.5
119.5 -0.5 119.5 0.5 120.5 -0.5 120.5 0.5
120.5 -0.5 120.5 0.5 121.5 -0.5 121.5 0.5
121.5 -0.5 121.5 0.5 122.5 -0.5 122.5 0.5
122.5 -0.5 122.5 0.5 123.5 -0.5 123.5 0.5
123.5 -0.5 123.5 0.5 124.5 -0.5 124.5 0.5
124.5 -0.5 124.5 0.5 125.5 -0.5 125.5 0.5
125.5 -0.5 125.5 0.5 126.5 -0.5 126.5 0.5
126.5 -0.5 126.5 0.5 127.5 -0.5 127.5 0.5
127.5 -0.5 127.5 0.5 128.5 -0.5 128.5 0.5
128.5 -0.5 128.5 0.5 129.5 -0.5 129.5 0.5
129.5 -0.5 129.5 0.5 130.5 -0.5 130.5 0.5
130.5 -0.5 130.5 0.5 131.5 -0.5 131.5 0.5
131.5 -0.5 131.5 0.5 132.5 -0.5 132.5 0.5
132.5 -0.5 132.5 0.5 133.5 -0.5 133.5 0.5
133.5 -0.5 133.5 0.5 134.5 -0.5 134.5 0.5
134.5 -0.5 134.5 0.5 135.5 -0.5 135.5 0.5
135.5 -0.5 135.5 0.5 136.5 -0.5 136.5 0.5
136.5 -0.5 136.5 0.5 137.5 -0.5 137.5 0.5
137.5 -0.5 137.5 0.5 138.5 -0.5 138.5 0.5
138.5 -0.5 138.5 0.5 139.5 -0.5 139.5 0.5
139.5 -0.5 139.5 0.5 140.5 -0.5 140.5 0.5
140.5 -0.5 140.5 0.5 141.5 -0.5 141.5 0.5
141.5 -0.5 141.5 0.5 142.5 -0.5 142.5 0.5
142.5 -0.5 142.5 0.5 143.5 -0.5 143.5 0.5
143.5 -0.5 143.5 0.5 144.5 -0.5 144.5 0.5
144.5 -0.5 144.5 0.5 145.5 -0.5 145.5 0.5
145.5 -0.5 145.5 0.5 146.5 -0.5 146.5 0.5
146.5 -0.5 146.5 0.5 147.5 -0.5 147.5 0.5
147.5 -0.5 147.5 0.5 148.5 -0.5 148.5 0.5
148.5 -0.5 148.5 0.5 149.5 -0.5 149.5 0.5
149.5 -0.5 149.5 0.5 150.5 -0.5 150.5 0.5
150.5 -0.5 150.5 0.5 151.5 -0.5 151.5 0.5
151.5 -0.5 151.5 0.5 152.5 -0.5 152.5 0.5
152.5 -0.5 152.5 0.5 153.5 -0.5 153.5 0.5
153.5 -0.5 153.5 0.5 154.5 -0.5 154.5 0.5
154.5 -0.5 154.5 0.5 155.5 -0.5 155.5 0.5
155.5 -0.5 155.5 0.5 156.5 -0.5 156.5 0.5
156.5 -0.5 156.5 0.5 157.5 -0.5 157.5 0.5
157.5 -0.5 157.5 0.5 158.5 -0.5 158.5 0.5
158.5 -0.5 158.5 0.5 159.5 -0.5 159.5 0.5
159.5 -0.5 159.5 0.5 160.5 -0.5 160.5 0.5
160.5 -0.5 160.5 0.5 161.5 -0.5 161.5 0.5
161.5 -0.5 161.5 0.5 162.5 -0.5 162.5 0.5
162.5 -0.5 162.5 0.5 163.5 -0.5 163.5 0.5
163.5 -0.5 163.5 0.5 164.5 -0.5 164.5 0.5
164.5 -0.5 164.5 0.5 165.5 -0.5 165.5 0.5
165.5 -0.5 165.5 0.5 166.5 -0.5 166.5 0.5
166.5 -0.5 166.5 0.5 167.5 -0.5 167.5 0.5
167.5 -0.5 167.5 0.5 168.5 -0.5 168.5 0.5
168.5 -0.5 168.5 0.5 169.5 -0.5 169.5 0.5
169.5 -0.5 169.5 0.5 170.5 -0.5 170.5 0.5
170.5 -0.5 170.5 0.5 171.5 -0.5 171.5 0.5
171.5 -0.5 171.5 0.5 172.5 -0.5 172.5 0.5
172.5 -0.5 172.5 0.5 173.5 -0.5 173.5 0.5
173.5 -0.5 173.5 0.5 174.5 -0.5 174.5 0.5
174.5 -0.5 174.5 0.5 175.5 -0.5 175.5 0.5
175.5 -0.5 175.5 0.5 176.5 -0.5 176.5 0.5
176.5 -0.5 176.5 0.5 177.5 -0.5 177.5 0.5
177.5 -0.5 177.5 0.5 178.5 -0.5 178.5 0.5
178.5 -0.5 178.5 0.5 179.5 -0.5 179.5 0.5
179.5 -0.5 179.5 0.5 180.5 -0.5 180.5 0.5
180.5 -0.5 180.5 0.5 181.5 -0.5 181.5 0.5
181.5 -0.5 181.5 0.5 182.5 -0.5 182.5 0.5
182.5 -0.5 182.5 0.5 183.5 -0.5 183.5 0.5
183.5 -0.5 183.5 0.5 184.5 -0.5 184.5 0.5
184.5 -0.5 184.5 0.5 185.5 -0.5 185.5 0.5
185.5 -0.5 185.5 0.5 186.5 -0.5 186.5 0.5
186.5 -0.5 186.5 0.5 187.5 -0.5 187.5 0.5
187.5 -0.5 187.5 0.5 188.5 -0.5 188.5 0.5
188.5 -0.5 188.5 0.5 189.5 -0.5 189.5 0.5
189.5 -0.5 189.5 0.5 190.5 -0.5 190.5 0.5
190.5 -0.5 190.5 0.5 191.5 -0.5 191.5 0.5
191.5 -0.5 191.5 0.5 192.5 -0.5 192.5 0.5
192.5 -0.5 192.5 0.5 193.5 -0.5 193.5 0.5
193.5 -0.5 193.5 0.5 194.5 -0.5 194.5 0.5
194.5 -0.5 194.5 0.5 195.5 -0.5 195.5 0.5
195.5 -0.5 195.5 0.5 196.5 -0.5 196.5 0.5
196.5 -0.5 196.5 0.5 197.5 -0.5 197.5 0.5
197.5 -0.5 197.5 0.5 198.5 -0.5 198.5 0.5
198.5 -0.5 198.5 0.5 199.5 -0.5 199.5 0.5
199.5 -0.5 199.5 0.5 200.5 -0.5 200.5 0.5
200.5 -0.5 200.5 0.5 201.5 -0.5 201.5 0.5
201.5 -0.5 201.5 0.5 202.5 -0.5 202.5 0.5
202.5 -0.5 202.5 0.5 203.5 -0.5 203.5 0.5
203.5 -0.5 203.5 0.5 204.5 -0.5 204.5 0.5
204.5 -0.5 204.5 0.5 205.5 -0.5 205.5 0.5
205.5 -0.5 205.5 0.5 206.5 -0.5 206.5 0.5
206.5 -0.5 206.5 0.5 207.5 -0.5 207.5 0.5
207.5 -0.5 207.5 0.5 208.5 -0.5 208.5 0.5
208.5 -0.5 208.5 0.5 209.5 -0.5 209.5 0.5
209.5 -0.5 209.5 0.5 210.5 -0.5 210.5 0.5
210.5 -0.5 210.5 0.5 211.5 -0.5 211.5 0.5
211.5 -0.5 211.5 0.5 212.5 -0.5 212.5 0.5
212.5 -0.5 212.5 0.5 213.5 -0.5 213.5 0.5
213.5 -0.5 213.5 0.5 214.5 -0.5 214.5 0.5
214.5 -0.5 214.5 0.5 215.5 -0.5 215.5 0.5
215.5 -0.5 215.5 0.5 216.5 -0.5 216.5 0.5
216.5 -0.5 216.5 0.5 217.5 -0.5 217.5 0.5
217.5 -0.5 217.5 0.5 218.5 -0.5 218.5 0.5
218.5 -0.5 218.5 0.5 219.5 -0.5 219.5 0.5
219.5 -0.5 219.5 0.5 220.5 -0.5 220.5 0.5
220.5 -0.5 220.5 0.5 221.5 -0.5 221.5 0.5
221.5 -0.5 221.5 0.5 222.5 -0.5 222.5 0.5
222.5 -0.5 222.5 0.5 223.5 -0.5 223.5 0.5
223.5 -0.5 223.5 0.5 224.5 -0.5 224.5 0.5
224.5 -0.5 224.5 0.5 225.5 -0.5 225.5 0.5
225.5 -0.5 225.5 0.5 226.5 -0.5 226.5 0.5
226.5 -0.5 226.5 0.5 227.5 -0.5 227.5 0.5
227.5 -0.5 227.5 0.5 228.5 -0.5 228.5 0.5
228.5 -0.5 228.5 0.5 229.5 -0.5 229.5 0.5
229.5 -0.5 229.5 0.5 230.5 -0.5 230.5 0.5
230.5 -0.5 230.5 0.5 231.5 -0.5 231.5 0.5
231.5 -0.5 231.5 0.5 232.5 -0.5 232.5 0.5
232.5 -0.5 232.5 0.5 233.5 -0.5 233.5 0.5
233.5 -0.5 233.5 0.5 234.5 -0.5 234.5 0.5
234.5 -0.5 234.5 0.5 235.5 -0.5 235.5 0.5
235.5 -0.5 235.5 0.5 236.5 -0.5 236.5 0.5
236.5 -0.5 236.5 0.5 237.5 -0.5 237.5 0.5
237.5 -0.5 237.5 0.5 238.5 -0.5 238.5 0.5
238.5 -0.5 238.5 0.5 239.5 -0.5 239.5 0.5
239.5 -0.5 239.5 0.5 240.5 -0.5 240.5 0.5
240.5 -0.5 240.5 0.5 241.5 -0.5 241.5 0.5
241.5 -0.5 241.5 0.5 242.5 -0.5 242.5 0.5
242.5 -0.5 242.5 0.5 243.5 -0.5 243.5 0.5
243.5 -0.5 243.5 0.5 244.5 -0.5 244.5 0.5
244.5 -0.5 244.5 0.5 245.5 -0.5 245.5 0.5
245.5 -0.5 245.5 0.5 246.5 -0.5 246.5 0.5
246.5 -0.5 246.5 0.5 247.5 -0.5 247.5 0.5
247.5 -0.5 247.5 0.5 248.5 -0.5 248.5 0.5
248.5 -0.5 248.5 0.5 249.5 -0.5 249.5 0.5
249.5 -0.5 249.5 0.5 250.5 -0.5 250.5 0.5
250.5 -0.5 250.5 0.5 251.5 -0.5 251.5 0.5
251.5 -0.5 251.5 0.5 252.5 -0.5 252.5 0.5
252.5 -0.5 252.5 0.5 253.5 -0.5 253.5 0.5
253.5 -0.5 253.5 0.5 254.5 -0.5 254.5 0.5
254.5 -0.5 254.5 0.5 255.5 -0.5 255.5 0.5
255.5 -0.5 255.5 0.5 256.5 -0.5 256.5 0.5
256.5 -0.5 256.5 0.5 257.5 -0.5 257.5 0.5
257.5 -0.5 257.5 0.5 258.5 -0.5 258.5 0.5
258.5 -0.5 258.5 0.5 259.5 -0.5 259.5 0.5
259.5 -0.5 259.5 0.5 260.5 -0.5 260.5 0.5
260.5 -0.5 260.5 0.5 261.5 -0.5 261.5 0.5
261.5 -0.5 261.5 0.5 262.5 -0.5 262.5 0.5
262.5 -0.5 262.5 0.5 263.5 -0.5 263.5 0.5
263.5 -0.5 263.5 0.5 264.5 -0.5 264.5 0.5
264.5 -0.5 264.5 0.5 265.5 -0.5 265.5 0.5
265.5 -0.5 265.5 0.5 266.5 -0.5 266.5 0.5
266.5 -0.5 266.5 0.5 267.5 -0.5 267.5 0.5
267.5 -0.5 267.5 0.5 268.5 -0.5 268.5 0.5
268.5 -0.5 268.5 0.5 269.5 -0.5 269.5 0.5
269.5 -0.5 269.5 0.5 270.5 -0.5 270.5 0.5
270.5 -0.5 270.5 0.5 271.5 -0.5 271.5 0.5
271.5 -0.5 271.5 0.5 272.5 -0.5 272.5 0.5
272.5 -0.5 272.5 0.5 273.5 -0.5 273.5 0.5
273.5 -0.5 273.5 0.5 274.5 -0.5 274.5 0.5
274.5 -0.5 274.5 0.5 275.5 -0.5 275.5 0.5
275.5 -0.5 275.5 0.5 276.5 -0.5 276.5 0.5
276.5 -0.5 276.5 0.5 277.5 -0.5 277.5 0.5
277.5 -0.5 277.5 0.5 278.5 -0.5 278.5 0.5
278.5 -0.5 278.5 0.5 279.5 -0.5 279.5 0.5
279.5 -0.5 279.5 0.5 280.5 -0.5 280.5 0.5
280.5 -0.5 280.5 0.5 281.5 -0.5 281.5 0.5
281.5 -0.5 281.5 0.5 282.5 -0.5 282.5 0.5
282.5 -0.5 282.5 0.5 283.5 -0.5 283.5 0.5
283.5 -0.5 283.5 0.5 284.5 -0.5 284.5 0.5
284.5 -0.5 284.5 0.5 285.5 -0.5 285.5 0.5
285.5 -0.5 285.5 0.5 286.5 -0.5 286.5 0.5
286.5 -0.5 286.5 0.5 287.5 -0.5 287.5 0.5
287.5 -0.5 287.5 0.5 288.5 -0.5 288.5 0.5
288.5 -0.5 288.5 0.5 289.5 -0.5 289.5 0.5
289.5 -0.5 289.5 0.5 290.5 -0.5 290.5 0.5
290.5 -0.5 290.5 0.5 291.5 -0.5 291.5 0.5
291.5 -0.5 291.5 0.5 292.5 -0.5 292.5 0.5
292.5 -0.5 292.5 0.5 293.5 -0.5 293.5 0.5
293.5 -0.5 293.5 0.5 294.5 -0.5 294.5 0.5
294.5 -0.5 294.5 0.5 295.5 -0.5 295.5 0.5
295.5 -0.5 295.5 0.5 296.5 -0.5 296.5 0.5
296.5 -0.5 296.5 0.5 297.5 -0.5 297.5 0.5
297.5 -0.5 297.5 0.5 298.5 -0.5 298.5 0.5
298.5 -0.5 298.5 0.5 299.5 -0.5 299.5 0.5