Landmarks 0
Trees 100
111.65978 26.53757 2.53233
96.30575 131.82011 2.03832
134.61318 245.00121 2.49851
138.42819 115.47482 2.50636
93.96795 136.26132 2.13343
109.09343 99.0786 2.88676
127.71593 233.10141 2.98101
135.69501 176.60544 2.71494
106.41364 87.02543 2.39984
120.77894 106.34797 2.08425
104.95855 9.62693 1.7782
106.52536 261.64676 2.87946
130.75444 67.78887 2.2845
123.60102 208.19503 2.40425
126.78289 244.58816 2.34289
142.00425 26.70661 2.84648
130.02264 4.10786 2.55075
140.57237 22.17234 1.76211
130.85142 209.13025 2.93498
114.02184 107.60686 1.71745
126.34239 181.31368 2.78386
97.35658 56.72515 2.86409
140.66513 215.50261 2.44263
144.24471 262.2327 1.52378
136.36973 207.78254 1.89309
137.3849 295.63272 1.68335
135.81881 166.01841 2.3541
122.88388 264.36086 1.91287
104.57227 168.33806 1.82441
124.07943 64.0965 1.57879
116.38292 93.85325 2.28625
127.56991 133.92658 1.50005
143.62785 9.32782 1.68838
123.42938 98.99662 1.72659
136.79706 73.6999 1.67012
93.69376 211.97792 2.20143
117.40237 267.17936 1.71842
106.63415 294.52476 2.13846
116.70961 28.25809 2.01643
123.2463 27.93259 1.75301
118.97659 36.00978 2.11822
129.29799 30.08937 2.32958
116.33805 121.94549 2.06432
110.74333 255.58606 2.80622
104.87354 122.75356 1.75855
139.35955 143.16302 2.26679
132.92677 94.28517 2.12336
125.62 150.2634 2.59882
109.0821 4.86829 2.87286
132.08056 138.83217 2.26954
98.93863 284.35256 2.09896
121.19529 218.32108 2.97254
131.87753 277.2094 1.79323
122.47623 125.26302 2.72495
119.26079 292.6273 2.14833
117.72244 262.90289 1.72365
122.09119 284.83023 2.1235
123.80144 241.65932 1.71561
146.7567 15.43349 2.12138
141.22551 202.35054 1.54898
107.40119 209.71048 1.65035
104.8223 133.57231 1.82864
120.6773 60.69941 2.33282
98.37283 241.83308 1.88811
93.62264 250.05156 2.64409
113.03397 163.65523 2.67363
102.34209 54.93875 2.09799
111.3975 274.99284 2.8044
146.71555 72.45498 1.67758
145.75392 193.16706 2.9192
100.44848 196.82313 2.56502
140.43503 162.74612 1.66829
116.6924 110.76519 2.09662
131.42667 195.58182 1.84617
119.3021 100.06702 1.74322
95.93191 5.09363 2.54911
96.44491 143.184 2.70193
126.86985 15.05469 2.82457
100.34234 109.35633 1.68784
102.54481 74.53081 1.60644
130.3389 103.62835 1.75386
128.2597 115.35046 1.7373
135.63925 286.55448 1.89433
132.42466 291.00993 2.37334
139.02088 57.17575 2.21913
111.72933 153.24021 2.54729
101.78617 245.2335 1.56398
133.69931 261.18184 2.83106
110.66041 189.68263 1.69763
109.60906 217.97979 1.78626
118.12536 115.25339 2.54233
109.05686 74.56821 1.53059
120.02024 80.37875 1.98752
146.53957 185.26368 2.97346
93.26713 287.13651 2.43578
141.25228 100.29088 2.28868
142.00948 182.6525 2.22058
123.1714 118.60802 1.843
123.45186 70.36508 1.81744
132.72768 180.72082 2.34126
Platforms 100
104.41475 -10 104.41475 10 108.28119 -10 108.28119 10
104.41475 0 104.41475 20 108.28119 0 108.28119 20
104.41475 10 104.41475 30 108.28119 10 108.28119 30
104.41475 20 104.41475 40 108.28119 20 108.28119 40
104.41475 30 104.41475 50 108.28119 30 108.28119 50
104.41475 40 104.41475 60 108.28119 40 108.28119 60
104.41475 50 104.41475 70 108.28119 50 108.28119 70
104.41475 60 104.41475 80 108.28119 60 108.28119 80
104.41475 70 104.41475 90 108.28119 70 108.28119 90
104.41475 80 104.41475 100 108.28119 80 108.28119 100
34.15519 -10 34.15519 10 37.86437 -10 37.86437 10
34.15519 0 34.15519 20 37.86437 0 37.86437 20
34.15519 10 34.15519 30 37.86437 10 37.86437 30
34.15519 20 34.15519 40 37.86437 20 37.86437 40
34.15519 30 34.15519 50 37.86437 30 37.86437 50
34.15519 40 34.15519 60 37.86437 40 37.86437 60
34.15519 50 34.15519 70 37.86437 50 37.86437 70
34.15519 60 34.15519 80 37.86437 60 37.86437 80
34.15519 70 34.15519 90 37.86437 70 37.86437 90
34.15519 80 34.15519 100 37.86437 80 37.86437 100
215.59945 -10 215.59945 10 221.04271 -10 221.04271 10
215.59945 0 215.59945 20 221.04271 0 221.04271 20
215.59945 10 215.59945 30 221.04271 10 221.04271 30
215.59945 20 215.59945 40 221.04271 20 221.04271 40
215.59945 30 215.59945 50 221.04271 30 221.04271 50
215.59945 40 215.59945 60 221.04271 40 221.04271 60
215.59945 50 215.59945 70 221.04271 50 221.04271 70
215.59945 60 215.59945 80 221.04271 60 221.04271 80
215.59945 70 215.59945 90 221.04271 70 221.04271 90
215.59945 80 215.59945 100 221.04271 80 221.04271 100
124.12564 -10 124.12564 10 126.4004 -10 126.4004 10
124.12564 0 124.12564 20 126.4004 0 126.4004 20
124.12564 10 124.12564 30 126.4004 10 126.4004 30
124.12564 20 124.12564 40 126.4004 20 126.4004 40
124.12564 30 124.12564 50 126.4004 30 126.4004 50
124.12564 40 124.12564 60 126.4004 40 126.4004 60
124.12564 50 124.12564 70 126.4004 50 126.4004 70
124.12564 60 124.12564 80 126.4004 60 126.4004 80
124.12564 70 124.12564 90 126.4004 70 126.4004 90
124.12564 80 124.12564 100 126.4004 80 126.4004 100
290.61015 -10 290.61015 10 294.64445 -10 294.64445 10
290.61015 0 290.61015 20 294.64445 0 294.64445 20
290.61015 10 290.61015 30 294.64445 10 294.64445 30
290.61015 20 290.61015 40 294.64445 20 294.64445 40
290.61015 30 290.61015 50 294.64445 30 294.64445 50
290.61015 40 290.61015 60 294.64445 40 294.64445 60
290.61015 50 290.61015 70 294.64445 50 294.64445 70
290.61015 60 290.61015 80 294.64445 60 294.64445 80
290.61015 70 290.61015 90 294.64445 70 294.64445 90
290.61015 80 290.61015 100 294.64445 80 294.64445 100
284.46121 -10 284.46121 10 285.19925 -10 285.19925 10
284.46121 0 284.46121 20 285.19925 0 285.19925 20
284.46121 10 284.46121 30 285.19925 10 285.19925 30
284.46121 20 284.46121 40 285.19925 20 285.19925 40
284.46121 30 284.46121 50 285.19925 30 285.19925 50
284.46121 40 284.46121 60 285.19925 40 285.19925 60
284.46121 50 284.46121 70 285.19925 50 285.19925 70
284.46121 60 284.46121 80 285.19925 60 285.19925 80
284.46121 70 284.46121 90 285.19925 70 285.19925 90
284.46121 80 284.46121 100 285.19925 80 285.19925 100
58.46708 -10 58.46708 10 62.93174 -10 62.93174 10
58.46708 0 58.46708 20 62.93174 0 62.93174 20
58.46708 10 58.46708 30 62.93174 10 62.93174 30
58.46708 20 58.46708 40 62.93174 20 62.93174 40
58.46708 30 58.46708 50 62.93174 30 62.93174 50
58.46708 40 58.46708 60 62.93174 40 62.93174 60
58.46708 50 58.46708 70 62.93174 50 62.93174 70
58.46708 60 58.46708 80 62.93174 60 62.93174 80
58.46708 70 58.46708 90 62.93174 70 62.93174 90
58.46708 80 58.46708 100 62.93174 80 62.93174 100
98.4696 -10 98.4696 10 101.66444 -10 101.66444 10
98.4696 0 98.4696 20 101.66444 0 101.66444 20
98.4696 10 98.4696 30 101.66444 10 101.66444 30
98.4696 20 98.4696 40 101.66444 20 101.66444 40
98.4696 30 98.4696 50 101.66444 30 101.66444 50
98.4696 40 98.4696 60 101.66444 40 101.66444 60
98.4696 50 98.4696 70 101.66444 50 101.66444 70
98.4696 60 98.4696 80 101.66444 60 101.66444 80
98.4696 70 98.4696 90 101.66444 70 101.66444 90
98.4696 80 98.4696 100 101.66444 80 101.66444 100
113.53608 -10 113.53608 10 116.9707 -10 116.9707 10
113.53608 0 113.53608 20 116.9707 0 116.9707 20
113.53608 10 113.53608 30 116.9707 10 116.9707 30
113.53608 20 113.53608 40 116.9707 20 116.9707 40
113.53608 30 113.53608 50 116.9707 30 116.9707 50
113.53608 40 113.53608 60 116.9707 40 116.9707 60
113.53608 50 113.53608 70 116.9707 50 116.9707 70
113.53608 60 113.53608 80 116.9707 60 116.9707 80
113.53608 70 113.53608 90 116.9707 70 116.9707 90
113.53608 80 113.53608 100 116.9707 80 116.9707 100
78.39133 -10 78.39133 10 82.36617 -10 82.36617 10
78.39133 0 78.39133 20 82.36617 0 82.36617 20
78.39133 10 78.39133 30 82.36617 10 82.36617 30
78.39133 20 78.39133 40 82.36617 20 82.36617 40
78.39133 30 78.39133 50 82.36617 30 82.36617 50
78.39133 40 78.39133 60 82.36617 40 82.36617 60
78.39133 50 78.39133 70 82.36617 50 82.36617 70
78.39133 60 78.39133 80 82.36617 60 82.36617 80
78.39133 70 78.39133 90 82.36617 70 82.36617 90
78.39133 80 78.39133 100 82.36617 80 82.36617 100
Branches 200
49.77453 83.0747 1.57518
250.84106 221.94476 1.03952
226.22532 156.97442 1.86203
144.35039 265.49117 1.95396
116.30427 205.88521 1.70625
14.4903 174.52157 1.20713
227.17642 264.50776 1.88105
142.75906 150.63406 1.3917
276.63564 196.56367 1.0799
66.05342 223.77674 1.28262
92.61502 203.65233 1.33959
36.1054 109.10656 1.68297
38.05618 221.10767 1.43299
75.58001 228.90405 1.21576
106.45225 254.88381 1.47639
124.53947 143.81088 1.47543
39.12472 199.84557 1.15246
236.83436 86.86217 1.81466
277.63412 233.64508 1.55329
94.08643 87.29008 1.74279
151.49272 104.31776 1.74162
64.48033 296.07249 1.22769
240.83801 227.60731 1.74095
142.56578 105.69924 1.57151
274.79898 261.05868 1.19056
9.2967 95.6149 1.08932
128.97291 251.01432 1.34634
144.37518 101.27907 1.22034
248.33419 136.53156 1.03019
171.93434 214.246 1.04863
25.91698 253.88549 1.45866
160.47441 208.35511 1.2728
272.77945 282.82534 1.44629
81.96861 238.60854 1.62911
99.41445 173.31767 1.47687
93.08889 140.49406 1.28266
293.27295 85.50757 1.11621
87.75612 125.46037 1.09285
20.75031 213.7323 1.85575
25.1067 106.07146 1.18824
177.20624 216.1917 1.38567
286.56354 209.64107 1.05466
34.52105 261.72814 1.99216
91.93866 155.52379 1.84
280.50268 268.95287 1.6563
174.56337 102.40144 1.12652
37.49904 177.11518 1.75939
74.51723 284.34967 1.22382
54.46712 261.33555 1.61015
23.08091 288.15893 1.13182
141.47313 78.35007 1.95342
255.61959 213.26065 1.40271
236.52645 201.20795 1.85482
91.22326 92.89427 1.79657
39.23993 266.81654 1.82952
235.59119 168.62024 1.33489
267.56485 201.05147 1.27692
95.73524 150.05423 1.40087
93.26116 130.1953 1.70831
136.06707 173.24233 1.95168
80.1504 231.05859 1.74535
212.63302 291.43447 1.3669
10.49963 262.03743 1.49239
32.98767 199.04656 1.96626
210.36665 205.37958 1.85716
31.53282 99.72295 1.99592
101.18234 101.1098 1.19645
276.92702 139.88961 1.62555
188.31107 146.01321 1.01039
291.53997 173.60637 1.16666
88.7213 225.69225 1.13827
219.74778 217.83131 1.08579
83.61384 284.10582 1.0133
185.53198 140.96529 1.50765
55.80495 248.44561 1.88008
183.27322 232.95306 1.00126
132.47681 133.83712 1.80921
171.72596 269.44907 1.51534
57.63321 196.74018 1.99952
217.94661 204.17804 1.11988
270.3083 249.29823 1.81251
287.03321 150.21524 1.59762
38.71318 80.5061 1.77003
195.29562 222.10355 1.7888
36.22332 160.49991 1.81724
176.11631 84.49063 1.41005
189.07956 279.39129 1.54713
57.28816 93.21308 1.41555
106.50833 82.817 1.211
236.60299 156.42842 1.68983
148.55634 265.01083 1.38335
203.77683 201.84803 1.91288
99.84897 92.50023 1.19536
272.0782 86.3058 1.91511
265.61779 155.59898 1.6243
55.53466 265.46913 1.93442
219.57302 283.62282 1.13689
216.48292 226.86073 1.84971
192.90543 169.68612 1.74437
68.1599 219.94514 1.59644
209.7135 125.86413 1.26393
22.49886 117.42837 1.97159
103.86797 260.88557 1.24011
173.36666 186.65626 1.20434
240.45987 280.63081 1.16979
146.48013 205.1539 1.47999
148.68156 142.09884 1.14179
202.45821 80.11362 1.19848
214.80176 97.2833 1.47704
98.60983 190.35095 1.45244
126.87967 199.55628 1.90782
225.51807 85.37188 1.59656
220.85247 223.28224 1.50622
113.31859 242.15796 1.33885
252.82116 262.25921 1.03257
77.92809 286.15722 1.79729
148.65057 155.71815 1.41073
182.92407 245.05551 1.17794
50.86254 186.77391 1.02985
184.56621 275.88568 1.36041
140.1725 131.52422 1.87944
175.69365 160.5733 1.80371
147.22821 240.76861 1.69978
242.11666 140.1269 1.50292
46.7135 150.71904 1.05652
50.49519 183.61409 1.94392
225.92251 190.76633 1.14005
26.12188 293.4616 1.28444
271.94097 108.13179 1.69176
263.43098 159.24266 1.03516
15.39312 100.74215 1.66963
255.11439 288.99716 1.03617
290.28568 129.12438 1.36157
158.18774 113.4907 1.14098
118.65932 134.29244 1.71109
192.26685 117.12789 1.83696
280.24439 130.40801 1.26068
165.43364 287.93709 1.72767
35.80184 254.17997 1.9911
132.61516 253.86944 1.76515
230.57812 234.60713 1.51156
80.90829 225.79781 1.25957
245.43476 208.16125 1.18632
204.1498 272.79662 1.11491
246.16311 263.58295 1.54122
209.33437 252.78267 1.46145
158.40275 102.87198 1.34372
89.39734 197.16669 1.80941
1.40894 105.05765 1.08193
221.7565 294.12318 1.90834
209.67158 198.63802 1.22954
69.52916 229.66823 1.01199
94.98651 287.30172 1.95401
261.69278 195.16518 1.05515
76.91576 213.50587 1.67406
191.36939 221.71072 1.16595
93.18975 224.59734 1.84094
140.52441 232.4245 1.43961
32.01991 215.94656 1.76306
166.50082 292.96369 1.29043
79.543 115.19157 1.20398
43.74635 177.83554 1.3067
139.72005 196.05975 1.23227
51.07203 143.94021 1.07188
107.30486 145.946 1.19538
265.63668 91.90994 1.8517
96.47929 243.25413 1.23549
86.70076 137.30058 1.73149
136.10403 100.28712 1.03713
215.27632 172.25219 1.98106
193.15117 108.86607 1.72359
119.37801 177.27342 1.98636
144.69054 245.33445 1.80428
254.14077 190.08976 1.7574
66.61507 269.44554 1.76361
224.25123 274.80911 1.19979
54.50907 239.03195 1.23293
1.21655 237.61063 1.34588
280.93946 265.02326 1.02782
101.36237 169.06485 1.29509
257.86565 140.03773 1.72921
102.66316 277.13575 1.43036
261.86887 282.76581 1.88196
285.50506 126.89402 1.97443
104.30745 160.56267 1.37666
256.35128 293.71408 1.37928
16.61876 235.64072 1.9272
141.10913 237.27469 1.382
21.24296 165.53387 1.68906
6.6644 227.30664 1.39905
157.97809 137.62314 1.26766
276.43565 178.21439 1.30854
20.64321 280.23677 1.72462
99.73829 145.72638 1.79167
106.64485 102.70989 1.89218
168.06813 153.01495 1.34426
183.29795 201.07319 1.13394
43.46473 153.34067 1.71234
170.71891 247.10453 1.23575
188.93759 177.32254 1.22341
Switches 2
120 300
120 240
Grounds 300
-0.5 -0.5 -0.5 0.5 0.5 -0.5 0.5 0.5
0.5 -0.5 0.5 0.5 1.5 -0.5 1.5 0.5
1.5 -0.5 1.5 0.5 2.5 -0.5 2.5 0.5
2.5 -0.5 2.5 0.5 3.5 -0.5 3.5 0.5
3.5 -0.5 3.5 0.5 4.5 -0.5 4.5 0.5
4.5 -0.5 4.5 0.5 5.5 -0.5 5.5 0.5
5.5 -0.5 5.5 0.5 6.5 -0.5 6.5 0.5
6.5 -0.5 6.5 0.5 7.5 -0.5 7.5 0.5
7.5 -0.5 7.5 0.5 8.5 -0.5 8.5 0.5
8.5 -0.5 8.5 0.5 9.5 -0.5 9.5 0.5
9.5 -0.5 9.5 0.5 10.5 -0.5 10.5 0.5
10.5 -0.5 10.5 0.5 11.5 -0.5 11.5 0.5
11.5 -0.5 11.5 0.5 12.5 -0.5 12.5 0.5
12.5 -0.5 12.5 0.5 13.5 -0.5 13.5 0.5
13.5 -0.5 13.5 0.5 14.5 -0.5 14.5 0.5
14.5 -0.5 14.5 0.5 15.5 -0.5 15.5 0.5
15.5 -0.5 15.5 0.5 16.5 -0.5 16.5 0.5
16.5 -0.5 16.5 0.5 17.5 -0.5 17.5 0.5
17.5 -0.5 17.5 0.5 18.5 -0.5 18.5 0.5
18.5 -0.5 18.5 0.5 19.5 -0.5 19.5 0.5
19.5 -0.5 19.5 0.5 20.5 -0.5 20.5 0.5
20.5 -0.5 20.5 0.5 21.5 -0.5 21.5 0.5
21.5 -0.5 21.5 0.5 22.5 -0.5 22.5 0.5
22.5 -0.5 22.5 0.5 23.5 -0.5 23.5 0.5
23.5 -0.5 23.5 0.5 24.5 -0.5 24.5 0.5
24.5 -0.5 24.5 0.5 25.5 -0.5 25.5 0.5
25.5 -0.5 25.5 0.5 26.5 -0.5 26.5 0.5
26.5 -0.5 26.5 0.5 27.5 -0.5 27.5 0.5
27.5 -0.5 27.5 0.5 28.5 -0.5 28.5 0.5
28.5 -0.5 28.5 0.5 29.5 -0.5 29.5 0.5
29.5 -0.5 29.5 0.5 30.5 -0.5 30.5 0.5
30.5 -0.5 30.5 0.5 31.5 -0.5 31.5 0.5
31.5 -0.5 31.5 0.5 32.5 -0.5 32.5 0.5
32.5 -0.5 32.5 0.5 33.5 -0.5 33.5 0.5
33.5 -0.5 33.5 0.5 34.5 -0.5 34.5 0.5
34.5 -0.5 34.5 0.5 35.5 -0.5 35.5 0.5
35.5 -0.5 35.5 0.5 36.5 -0.5 36.5 0.5
36.5 -0.5 36.5 0.5 37.5 -0.5 37.5 0.5
37.5 -0.5 37.5 0.5 38.5 -0.5 38.5 0.5
38.5 -0.5 38.5 0.5 39.5 -0.5 39.5 0.5
39.5 -0.5 39.5 0.5 40.5 -0.5 40.5 0.5
40.5 -0.5 40.5 0.5 41.5 -0.5 41.5 0.5
41.5 -0.5 41.5 0.5 42.5 -0.5 42.5 0.5
42.5 -0.5 42.5 0.5 43.5 -0.5 43.5 0.5
43.5 -0.5 43.5 0.5 44.5 -0.5 44.5 0.5
44.5 -0.5 44.5 0.5 45.5 -0.5 45.5 0.5
45.5 -0.5 45.5 0.5 46.5 -0.5 46.5 0.5
46.5 -0.5 46.5 0.5 47.5 -0.5 47.5 0.5
47.5 -0.5 47.5 0.5 48.5 -0.5 48.5 0.5
48.5 -0.5 48.5 0.5 49.5 -0.5 49.5 0.5
49.5 -0.5 49.5 0.5 50.5 -0.5 50.5 0.5
50.5 -0.5 50.5 0.5 51.5 -0.5 51.5 0.5
51.5 -0.5 51.5 0.5 52.5 -0.5 52.5 0.5
52.5 -0.5 52.5 0.5 53.5 -0.5 53.5 0.5
53.5 -0.5 53.5 0.5 54.5 -0.5 54.5 0.5
54.5 -0.5 54.5 0.5 55.5 -0.5 55.5 0.5
55.5 -0.5 55.5 0.5 56.5 -0.5 56.5 0.5
56.5 -0.5 56.5 0.5 57.5 -0.5 57.5 0.5
57.5 -0.5 57.5 0.5 58.5 -0.5 58.5 0.5
58.5 -0.5 58.5 0.5 59.5 -0.5 59.5 0.5
59.5 -0.5 59.5 0.5 60.5 -0.5 60.5 0.5
60.5 -0.5 60.5 0.5 61.5 -0.5 61.5 0.5
61.5 -0.5 61.5 0.5 62.5 -0.5 62.5 0.5
62.5 -0.5 62.5 0.5 63.5 -0.5 63.5 0.5
63.5 -0.5 63.5 0.5 64.5 -0.5 64.5 0.5
64.5 -0.5 64.5 0.5 65.5 -0.5 65.5 0.5
65.5 -0.5 65.5 0.5 66.5 -0.5 66.5 0.5
66.5 -0.5 66.5 0.5 67.5 -0.5 67.5 0.5
67.5 -0.5 67.5 0.5 68.5 -0.5 68.5 0.5
68.5 -0.5 68.5 0.5 69.5 -0.5 69.5 0.5
69.5 -0.5 69.5 0.5 70.5 -0.5 70.5 0.5
70.5 -0.5 70.5 0.5 71.5 -0.5 71.5 0.5
71.5 -0.5 71.5 0.5 72.5 -0.5 72.5 0.5
72.5 -0.5 72.5 0.5 73.5 -0.5 73.5 0.5
73.5 -0.5 73.5 0.5 74.5 -0.5 74.5 0.5
74.5 -0.5 74.5 0.5 75.5 -0.5 75.5 0.5
75.5 -0.5 75.5 0.5 76.5 -0.5 76.5 0.5
76.5 -0.5 76.5 0.5 77.5 -0.5 77.5 0.5
77.5 -0.5 77.5 0.5 78.5 -0.5 78.5 0.5
78.5 -0.5 78.5 0.5 79.5 -0.5 79.5 0.5
79.5 -0.5 79.5 0.5 80.5 -0.5 80.5 0.5
80.5 -0.5 80.5 0.5 81.5 -0.5 81.5 0.5
81.5 -0.5 81.5 0.5 82.5 -0.5 82.5 0.5
82.5 -0.5 82.5 0.5 83.5 -0.5 83.5 0.5
83.5 -0.5 83.5 0.5 84.5 -0.5 84.5 0.5
84.5 -0.5 84.5 0.5 85.5 -0.5 85.5 0.5
85.5 -0.5 85.5 0.5 86.5 -0.5 86.5 0.5
86.5 -0.5 86.5 0.5 87.5 -0.5 87.5 0.5
87.5 -0.5 87.5 0.5 88.5 -0.5 88.5 0.5
88.5 -0.5 88.5 0.5 89.5 -0.5 89.5 0.5
89.5 -0.5 89.5 0.5 90.5 -0.5 90.5 0.5
90.5 -0.5 90.5 0.5 91.5 -0.5 91.5 0.5
91.5 -0.5 91.5 0.5 92.5 -0.5 92.5 0.5
92.5 -0.5 92.5 0.5 93.5 -0.5 93.5 0.5
93.5 -0.5 93.5 0.5 94.5 -0.5 94.5 0.5
94.5 -0.5 94.5 0.5 95.5 -0.5 95.5 0.5
95.5 -0.5 95.5 0.5 96.5 -0.5 96.5 0.5
96.5 -0.5 96.5 0.5 97.5 -0.5 97.5 0.5
97.5 -0.5 97.5 0.5 98.5 -0.5 98.5 0.5
98.5 -0.5 98.5 0.5 99.5 -0.5 99.5 0.5
99.5 -0.5 99.5 0.5 100.5 -0.5 100.5 0.5
100.5 -0.5 100.5 0.5 101.5 -0.5 101.5 0.5
101.5 -0.5 101.5 0.5 102.5 -0.5 102.5 0.5
102.5 -0.5 102.5 0.5 103.5 -0.5 103.5 0.5
103.5 -0.5 103.5 0.5 104.5 -0.5 104.5 0.5
104.5 -0.5 104.5 0.5 105.5 -0.5 105.5 0.5
105.5 -0.5 105.5 0.5 106.5 -0.5 106.5 0.5
106.5 -0.5 106.5 0.5 107.5 -0.5 107.5 0.5
107.5 -0.5 107.5 0.5 108.5 -0.5 108.5 0.5
108.5 -0.5 108.5 0.5 109.5 -0.5 109.5 0.5
109.5 -0.5 109.5 0.5 110.5 -0.5 110.5 0.5
110.5 -0.5 110.5 0.5 111.5 -0.5 111.5 0.5
111.5 -0.5 111.5 0.5 112.5 -0.5 112.5 0.5
112.5 -0.5 112.5 0.5 113.5 -0.5 113.5 0.5
113.5 -0.5 113.5 0.5 114.5 -0.5 114.5 0.5
114.5 -0.5 114.5 0.5 115.5 -0.5 115.5 0.5
115.5 -0.5 115.5 0.5 116.5 -0.5 116.5 0.5
116.5 -0.5 116.5 0.5 117.5 -0.5 117.5 0.5
117.5 -0.5 117.5 0.5 118.5 -0.5 118.5 0.5
118.5 -0.5 118.5 0.5 119.5 -0.5 119.5 0.5
119.5 -0.5 119.5 0.5 120.5 -0.5 120.5 0.5
120.5 -0.5 120.5 0.5 121.5 -0.5 121.5 0.5
121.5 -0.5 121.5 0.5 122.5 -0.5 122.5 0.5
122.5 -0.5 122.5 0.5 123.5 -0.5 123.5 0.5
123.5 -0.5 123.5 0.5 124.5 -0.5 124.5 0.5
124.5 -0.5 124.5 0.5 125.5 -0.5 125.5 0.5
125.5 -0.5 125.5 0.5 126.5 -0.5 126.5 0.5
126.5 -0.5 126.5 0.5 127.5 -0.5 127.5 0.5
127.5 -0.5 127.5 0.5 128.5 -0.5 128.5 0.5
128.5 -0.5 128.5 0.5 129.5 -0.5 129.5 0.5
129.5 -0.5 129.5 0.5 130.5 -0.5 130.5 0.5
130.5 -0.5 130.5 0.5 131.5 -0.5 131.5 0.5
131.5 -0.5 131.5 0.5 132.5 -0.5 132.5 0.5
132.5 -0.5 132.5 0.5 133.5 -0.5 133.5 0.5
133.5 -0.5 133.5 0.5 134.5 -0.5 134.5 0.5
134.5 -0.5 134.5 0.5 135.5 -0.5 135.5 0.5
135.5 -0.5 135.5 0.5 136.5 -0.5 136.5 0.5
136.5 -0.5 136.5 0.5 137.5 -0.5 137.5 0.5
137.5 -0.5 137.5 0.5 138.5 -0.5 138.5 0.5
138.5 -0.5 138.5 0.5 139.5 -0.5 139.5 0.5
139.5 -0.5 139.5 0.5 140.5 -0.5 140.5 0.5
140.5 -0.5 140.5 0.5 141.5 -0.5 141.5 0.5
141.5 -0.5 141.5 0.5 142.5 -0.5 142.5 0.5
142.5 -0.5 142.5 0.5 143.5 -0.5 143.5 0.5
143.5 -0.5 143.5 0.5 144.5 -0.5 144.5 0.5
144.5 -0.5 144.5 0.5 145.5 -0.5 145.5 0.5
145.5 -0.5 145.5 0.5 146.5 -0.5 146.5 0.5
146.5 -0.5 146.5 0.5 147.5 -0.5 147.5 0.5
147.5 -0.5 147.5 0.5 148.5 -0.5 148.5 0.5
148.5 -0.5 148.5 0.5 149.5 -0.5 149.5 0.5
149.5 -0.5 149.5 0.5 150.5 -0.5 150.5 0.5
150.5 -0.5 150.5 0.5 151.5 -0.5 151.5 0.5
151.5 -0.5 151.5 0.5 152.5 -0.5 152.5 0.5
152.5 -0.5 152.5 0.5 153.5 -0.5 153.5 0.5
153.5 -0.5 153.5 0.5 154.5 -0.5 154.5 0.5
154.5 -0.5 154.5 0.5 155.5 -0.5 155.5 0.5
155.5 -0.5 155.5 0.5 156.5 -0.5 156.5 0.5
156.5 -0.5 156.5 0.5 157.5 -0.5 157.5 0.5
157.5 -0.5 157.5 0.5 158.5 -0.5 158.5 0.5
158.5 -0.5 158.5 0.5 159.5 -0.5 159.5 0.5
159.5 -0.5 159.5 0.5 160.5 -0.5 160.5 0.5
160.5 -0.5 160.5 0.5 161.5 -0.5 161.5 0.5
161.5 -0.5 161.5 0.5 162.5 -0.5 162.5 0.5
162.5 -0.5 162.5 0.5 163.5 -0.5 163.5 0.5
163.5 -0.5 163.5 0.5 164.5 -0.5 164.5 0.5
164.5 -0.5 164.5 0.5 165.5 -0.5 165.5 0.5
165.5 -0.5 165.5 0.5 166.5 -0.5 166.5 0.5
166.5 -0.5 166.5 0.5 167.5 -0.5 167.5 0.5
167.5 -0.5 167.5 0.5 168.5 -0.5 168.5 0.5
168.5 -0.5 168.5 0.5 169.5 -0.5 169.5 0.5
169.5 -0.5 169.5 0.5 170.5 -0.5 170.5 0.5
170.5 -0.5 170.5 0.5 171.5 -0.5 171.5 0.5
171.5 -0.5 171.5 0.5 172.5 -0.5 172.5 0.5
172.5 -0.5 172.5 0.5 173.5 -0.5 173.5 0.5
173.5 -0.5 173.5 0.5 174.5 -0.5 174.5 0.5
174.5 -0.5 174.5 0.5 175.5 -0.5 175.5 0.5
175.5 -0.5 175.5 0.5 176.5 -0.5 176.5 0.5
176.5 -0.5 176.5 0.5 177.5 -0.5 177.5 0.5
177.5 -0.5 177.5 0.5 178.5 -0.5 178.5 0.5
178.5 -0.5 178.5 0.5 179.5 -0.5 179.5 0.5
179.5 -0.5 179.5 0.5 180.5 -0.5 180.5 0.5
180.5 -0.5 180.5 0.5 181.5 -0.5 181.5 0.5
181.5 -0.5 181.5 0.5 182.5 -0.5 182.5 0.5
182.5 -0.5 182.5 0.5 183.5 -0.5 183.5 0.5
183.5 -0.5 183.5 0.5 184.5 -0.5 184.5 0.5
184.5 -0.5 184.5 0.5 185.5 -0.5 185.5 0.5
185.5 -0.5 185.5 0.5 186.5 -0.5 186.5 0.5
186.5 -0.5 186.5 0.5 187.5 -0.5 187.5 0.5
187.5 -0.5 187.5 0.5 188.5 -0.5 188.5 0.5
188.5 -0.5 188.5 0.5 189.5 -0.5 189.5 0.5
189.5 -0.5 189.5 0.5 190.5 -0.5 190.5 0.5
190.5 -0.5 190.5 0.5 191.5 -0.5 191.5 0.5
191.5 -0.5 191.5 0.5 192.5 -0.5 192.5 0.5
192.5 -0.5 192.5 0.5 193.5 -0.5 193.5 0.5
193.5 -0.5 193.5 0.5 194.5 -0.5 194.5 0.5
194.5 -0.5 194.5 0.5 195.5 -0.5 195.5 0.5
195.5 -0.5 195.5 0.5 196.5 -0.5 196.5 0.5
196.5 -0.5 196.5 0.5 197.5 -0.5 197.5 0.5
197.5 -0.5 197.5 0.5 198.5 -0.5 198.5 0.5
198.5 -0.5 198.5 0.5 199.5 -0.5 199.5 0.5
199.5 -0.5 199.5 0.5 200.5 -0.5 200.5 0.5
200.5 -0.5 200.5 0.5 201.5 -0.5 201.5 0.5
201.5 -0.5 201.5 0.5 202.5 -0.5 202.5 0.5
202.5 -0.5 202.5 0.5 203.5 -0.5 203.5 0.5
203.5 -0.5 203.5 0.5 204.5 -0.5 204.5 0.5
204.5 -0.5 204.5 0.5 205.5 -0.5 205.5 0.5
205.5 -0.5 205.5 0.5 206.5 -0.5 206.5 0.5
206.5 -0.5 206.5 0.5 207.5 -0.5 207.5 0.5
207.5 -0.5 207.5 0.5 208.5 -0.5 208.5 0.5
208.5 -0.5 208.5 0.5 209.5 -0.5 209.5 0.5
209.5 -0.5 209.5 0.5 210.5 -0.5 210.5 0.5
210.5 -0.5 210.5 0.5 211.5 -0.5 211.5 0.5
211.5 -0.5 211.5 0.5 212.5 -0.5 212.5 0.5
212.5 -0.5 212.5 0.5 213.5 -0.5 213.5 0.5
213.5 -0.5 213.5 0.5 214.5 -0.5 214.5 0.5
214.5 -0.5 214.5 0.5 215.5 -0.5 215.5 0.5
215.5 -0.5 215.5 0.5 216.5 -0.5 216.5 0.5
216.5 -0.5 216.5 0.5 217.5 -0.5 217.5 0.5
217.5 -0.5 217.5 0.5 218.5 -0.5 218.5 0.5
218.5 -0.5 218.5 0.5 219.5 -0.5 219.5 0.5
219.5 -0.5 219.5 0.5 220.5 -0.5 220.5 0.5
220.5 -0.5 220.5 0.5 221.5 -0.5 221.5 0.5
221.5 -0.5 221.5 0.5 222.5 -0.5 222.5 0.5
222.5 -0.5 222.5 0.5 223.5 -0.5 223.5 0.5
223.5 -0.5 223.5 0.5 224.5 -0.5 224.5 0.5
224.5 -0.5 224.5 0.5 225.5 -0.5 225.5 0.5
225.5 -0.5 225.5 0.5 226.5 -0.5 226.5 0.5
226.5 -0.5 226.5 0.5 227.5 -0.5 227.5 0.5
227.5 -0.5 227.5 0.5 228.5 -0.5 228.5 0.5
228.5 -0.5 228.5 0.5 229.5 -0.5 229.5 0.5
229.5 -0.5 229.5 0.5 230.5 -0.5 230.5 0.5
230.5 -0.5 230.5 0.5 231.5 -0.5 231.5 0.5
231.5 -0.5 231.5 0.5 232.5 -0.5 232.5 0.5
232.5 -0.5 232.5 0.5 233.5 -0.5 233.5 0.5
233.5 -0.5 233.5 0.5 234.5 -0.5 234.5 0.5
234.5 -0.5 234.5 0.5 235.5 -0.5 235.5 0.5
235.5 -0.5 235.5 0.5 236.5 -0.5 236.5 0.5
236.5 -0.5 236.5 0.5 237.5 -0.5 237.5 0.5
237.5 -0.5 237.5 0.5 238.5 -0.5 238.5 0.5
238.5 -0.5 238.5 0.5 239.5 -0.5 239.5 0.5
239.5 -0.5 239.5 0.5 240.5 -0.5 240.5 0.5
240.5 -0.5 240.5 0.5 241.5 -0.5 241.5 0.5
241.5 -0.5 241.5 0.5 242.5 -0.5 242.5 0.5
242.5 -0.5 242.5 0.5 243.5 -0.5 243.5 0.5
243.5 -0.5 243.5 0.5 244.5 -0.5 244.5 0.5
244.5 -0.5 244.5 0.5 245.5 -0.5 245.5 0.5
245.5 -0.5 245.5 0.5 246.5 -0.5 246.5 0.5
246.5 -0.5 246.5 0.5 247.5 -0.5 247.5 0.5
247.5 -0.5 247.5 0.5 248.5 -0.5 248.5 0.5
248.5 -0.5 248.5 0.5 249.5 -0.5 249.5 0.5
249.5 -0.5 249.5 0.5 250.5 -0.5 250.5 0.5
250.5 -0.5 250.5 0.5 251.5 -0.5 251.5 0.5
251.5 -0.5 251.5 0.5 252.5 -0.5 252.5 0.5
252.5 -0.5 252.5 0.5 253.5 -0.5 253.5 0.5
253.5 -0.5 253.5 0.5 254.5 -0.5 254.5 0.5
254.5 -0.5 254.5 0.5 255.5 -0.5 255.5 0.5
255.5 -0.5 255.5 0.5 256.5 -0.5 256.5 0.5
256.5 -0.5 256.5 0.5 257.5 -0.5 257.5 0.5
257.5 -0.5 257.5 0.5 258.5 -0.5 258.5 0.5
258.5 -0.5 258.5 0.5 259.5 -0.5 259.5 0.5
259.5 -0.5 259.5 0.5 260.5 -0.5 260.5 0.5
260.5 -0.5 260.5 0.5 261.5 -0.5 261.5 0.5
261.5 -0.5 261.5 0.5 262.5 -0.5 262.5 0.5
262.5 -0.5 262.5 0.5 263.5 -0.5 263.5 0.5
263.5 -0.5 263.5 0.5 264.5 -0.5 264.5 0.5
264.5 -0.5 264.5 0.5 265.5 -0.5 265.5 0.5
265.5 -0.5 265.5 0.5 266.5 -0.5 266.5 0.5
266.5 -0.5 266.5 0.5 267.5 -0.5 267.5 0.5
267.5 -0.5 267.5 0.5 268.5 -0.5 268.5 0.5
268.5 -0.5 268.5 0.5 269.5 -0.5 269.5 0.5
269.5 -0.5 269.5 0.5 270.5 -0.5 270.5 0.5
270.5 -0.5 270.5 0.5 271.5 -0.5 271.5 0.5
271.5 -0.5 271.5 0.5 272.5 -0.5 272.5 0.5
272.5 -0.5 272.5 0.5 273.5 -0.5 273.5 0.5
273.5 -0.5 273.5 0.5 274.5 -0.5 274.5 0.5
274.5 -0.5 274.5 0.5 275.5 -0.5 275.5 0.5
275.5 -0.5 275.5 0.5 276.5 -0.5 276.5 0.5
276.5 -0.5 276.5 0.5 277.5 -0.5 277.5 0.5
277.5 -0.5 277.5 0.5 278.5 -0.5 278.5 0.5
278.5 -0.5 278.5 0.5 279.5 -0.5 279.5 0.5
279.5 -0.5 279.5 0.5 280.5 -0.5 280.5 0.5
280.5 -0.5 280.5 0.5 281.5 -0.5 281.5 0.5
281.5 -0.5 281.5 0.5 282.5 -0.5 282.5 0.5
282.5 -0.5 282.5 0.5 283.5 -0.5 283.5 0.5
283.5 -0.5 283.5 0.5 284.5 -0.5 284.5 0.5
284.5 -0.5 284.5 0.5 285.5 -0.5 285.5 0.5
285.5 -0.5 285.5 0.5 286.5 -0.5 286.5 0.5
286.5 -0.5 286.5 0.5 287.5 -0.5 287.5 0.5
287.5 -0.5 287.5 0.5 288.5 -0.5 288.5 0.5
288.5 -0.5 288.5 0.5 289.5 -0.5 289.5 0.5
289.5 -0.5 289.5 0.5 290.5 -0.5 290.5 0.5
290.5 -0.5 290.5 0.5 291.5 -0.5 291.5 0.5
291.5 -0.5 291.5 0.5 292.5 -0.5 292.5 0.5
292.5 -0.5 292.5 0.5 293.5 -0.5 293.5 0.5
293.5 -0.5 293.5 0.5 294.5 -0.5 294.5 0.5
294.5 -0.5 294.5 0.5 295.5 -0.5 295.5 0.5
295.5 -0.5 295.5 0.5 296.5 -0.5 296.5 0.5
296.5 -0.5 296.5 0.5 297.5 -0.5 297.5 0.5
297.5 -0.5 297.5 0.5 298.5 -0.5 298.5 0.5
298.5 -0.5 298.5 0.5 299.5 -0.5 299.5 0.5