Landmarks 0
Trees 100
195.69972 235.30991 1.54145
179.28045 284.19046 2.46933
164.64335 114.19526 1.76724
156.62913 33.13042 2.98536
206.45682 172.34227 2.61671
194.72577 168.45511 2.38026
162.33335 165.07571 2.62735
179.54878 203.62391 1.70571
187.11772 134.06519 1.94639
196.09161 290.77861 1.76001
180.59352 193.56057 1.54344
196.2038 119.44657 2.10527
201.27497 98.93884 2.05615
184.95394 144.15415 1.97916
176.13947 50.48667 2.94312
168.34609 20.03087 2.95508
198.2011 188.58345 2.40888
180.48344 175.96947 1.93362
154.39224 174.30702 2.5167
191.15961 47.84555 2.52861
186.30379 187.94084 2.38146
182.46856 272.44025 2.13265
182.124 250.83012 2.24594
174.13258 216.38746 2.7969
199.28316 245.42519 2.37825
198.25211 138.56698 2.72442
198.48999 251.53164 2.91676
180.38071 45.95091 2.25861
190.53109 148.2211 2.41761
174.94376 65.49678 1.88423
206.82457 121.44634 2.38438
174.45525 18.17344 2.42313
189.52789 294.36293 1.52715
182.942 109.77067 2.31991
160.45269 228.86517 2.3288
205.95268 264.62008 2.4734
159.91828 67.1148 1.87619
189.32556 277.55773 2.73847
174.51363 92.5733 1.70599
172.93407 282.46804 1.85925
163.55686 53.47861 2.44425
191.89143 94.73836 2.71216
184.59654 221.64678 2.72926
184.69624 177.42972 2.23311
176.86813 197.72134 2.91326
171.10014 31.06391 2.23647
154.98364 184.80304 2.39701
187.03477 42.75141 2.37728
204.9728 6.07191 2.27367
169.56934 145.66633 2.53125
205.94665 23.66876 2.04271
160.87485 294.85044 1.53229
157.52919 118.52262 1.50321
158.1333 276.34557 1.64645
189.72398 230.69759 2.32788
167.62721 208.66859 2.08657
185.75191 194.86677 1.98822
164.18821 25.11197 2.31266
156.45645 139.11266 1.7071
201.74822 295.82591 2.3088
192.2845 257.57768 1.65795
173.81529 26.22848 1.79994
183.81225 21.31819 2.41202
161.14325 246.57172 2.02798
176.7616 133.06148 2.76335
168.74497 42.47948 2.62515
168.01457 37.65633 1.91167
167.84625 126.40342 2.35492
185.36235 295.49889 1.68023
187.18264 15.07142 1.70519
190.60314 162.2931 1.63686
205.86196 164.24189 2.07792
187.36067 163.61048 1.81819
158.27514 189.33851 2.38456
203.19229 63.99351 2.98513
164.06737 176.77753 1.52114
154.09489 226.49405 2.94208
205.31243 255.92227 2.14979
193.32381 103.15263 1.74275
176.69653 4.89243 1.8765
194.13771 220.94884 2.53101
185.91152 253.71448 2.38199
187.11172 114.5269 2.30915
190.12667 110.44886 2.69773
197.17757 55.83797 2.67085
201.4037 31.90648 1.97232
163.19375 197.7502 1.5393
177.10985 207.18758 2.35298
198.89339 261.98072 1.76127
158.01862 85.20334 1.5756
201.58714 51.31909 2.77381
204.31598 260.29336 1.57837
189.6162 81.00873 2.1766
196.39901 160.17425 2.59403
191.86683 200.99107 2.85901
194.60432 25.86875 2.84698
204.66623 239.60499 2.46143
163.73628 211.87883 1.92426
181.50427 37.06736 2.76448
183.08425 266.66755 1.50983
Platforms 70
281.82829 -10 281.82829 10 286.55263 -10 286.55263 10
281.82829 0 281.82829 20 286.55263 0 286.55263 20
281.82829 10 281.82829 30 286.55263 10 286.55263 30
281.82829 20 281.82829 40 286.55263 20 286.55263 40
281.82829 30 281.82829 50 286.55263 30 286.55263 50
281.82829 40 281.82829 60 286.55263 40 286.55263 60
281.82829 50 281.82829 70 286.55263 50 286.55263 70
281.82829 60 281.82829 80 286.55263 60 286.55263 80
281.82829 70 281.82829 90 286.55263 70 286.55263 90
281.82829 80 281.82829 100 286.55263 80 286.55263 100
201.97896 -10 201.97896 10 205.26886 -10 205.26886 10
201.97896 0 201.97896 20 205.26886 0 205.26886 20
201.97896 10 201.97896 30 205.26886 10 205.26886 30
201.97896 20 201.97896 40 205.26886 20 205.26886 40
201.97896 30 201.97896 50 205.26886 30 205.26886 50
201.97896 40 201.97896 60 205.26886 40 205.26886 60
201.97896 50 201.97896 70 205.26886 50 205.26886 70
201.97896 60 201.97896 80 205.26886 60 205.26886 80
201.97896 70 201.97896 90 205.26886 70 205.26886 90
201.97896 80 201.97896 100 205.26886 80 205.26886 100
192.13581 -10 192.13581 10 194.98533 -10 194.98533 10
192.13581 0 192.13581 20 194.98533 0 194.98533 20
192.13581 10 192.13581 30 194.98533 10 194.98533 30
192.13581 20 192.13581 40 194.98533 20 194.98533 40
192.13581 30 192.13581 50 194.98533 30 194.98533 50
192.13581 40 192.13581 60 194.98533 40 194.98533 60
192.13581 50 192.13581 70 194.98533 50 194.98533 70
192.13581 60 192.13581 80 194.98533 60 194.98533 80
192.13581 70 192.13581 90 194.98533 70 194.98533 90
192.13581 80 192.13581 100 194.98533 80 194.98533 100
174.09726 -10 174.09726 10 177.84168 -10 177.84168 10
174.09726 0 174.09726 20 177.84168 0 177.84168 20
174.09726 10 174.09726 30 177.84168 10 177.84168 30
174.09726 20 174.09726 40 177.84168 20 177.84168 40
174.09726 30 174.09726 50 177.84168 30 177.84168 50
174.09726 40 174.09726 60 177.84168 40 177.84168 60
174.09726 50 174.09726 70 177.84168 50 177.84168 70
174.09726 60 174.09726 80 177.84168 60 177.84168 80
174.09726 70 174.09726 90 177.84168 70 177.84168 90
174.09726 80 174.09726 100 177.84168 80 177.84168 100
250.10014 -10 250.10014 10 251.5601 -10 251.5601 10
250.10014 0 250.10014 20 251.5601 0 251.5601 20
250.10014 10 250.10014 30 251.5601 10 251.5601 30
250.10014 20 250.10014 40 251.5601 20 251.5601 40
250.10014 30 250.10014 50 251.5601 30 251.5601 50
250.10014 40 250.10014 60 251.5601 40 251.5601 60
250.10014 50 250.10014 70 251.5601 50 251.5601 70
250.10014 60 250.10014 80 251.5601 60 251.5601 80
250.10014 70 250.10014 90 251.5601 70 251.5601 90
250.10014 80 250.10014 100 251.5601 80 251.5601 100
43.72462 -10 43.72462 10 48.1772 -10 48.1772 10
43.72462 0 43.72462 20 48.1772 0 48.1772 20
43.72462 10 43.72462 30 48.1772 10 48.1772 30
43.72462 20 43.72462 40 48.1772 20 48.1772 40
43.72462 30 43.72462 50 48.1772 30 48.1772 50
43.72462 40 43.72462 60 48.1772 40 48.1772 60
43.72462 50 43.72462 70 48.1772 50 48.1772 70
43.72462 60 43.72462 80 48.1772 60 48.1772 80
43.72462 70 43.72462 90 48.1772 70 48.1772 90
43.72462 80 43.72462 100 48.1772 80 48.1772 100
34.74798 -10 34.74798 10 39.38674 -10 39.38674 10
34.74798 0 34.74798 20 39.38674 0 39.38674 20
34.74798 10 34.74798 30 39.38674 10 39.38674 30
34.74798 20 34.74798 40 39.38674 20 39.38674 40
34.74798 30 34.74798 50 39.38674 30 39.38674 50
34.74798 40 34.74798 60 39.38674 40 39.38674 60
34.74798 50 34.74798 70 39.38674 50 39.38674 70
34.74798 60 34.74798 80 39.38674 60 39.38674 80
34.74798 70 34.74798 90 39.38674 70 39.38674 90
34.74798 80 34.74798 100 39.38674 80 39.38674 100
Branches 200
232.85205 148.62695 1.05733
64.36374 204.42179 1.47199
150.64682 219.37364 1.86219
194.32434 115.33737 1.37784
76.85924 293.06791 1.77047
66.50148 124.48 1.8022
271.96687 131.03541 1.61156
252.86056 229.71221 1.28156
18.75181 98.53846 1.52441
130.4355 103.07794 1.17325
59.87949 200.08793 1.94204
66.23188 279.0201 1.69076
201.90333 157.54218 1.7508
22.08872 139.6733 1.52102
106.60063 184.5936 1.73997
175.69216 164.58188 1.141
61.51146 177.18959 1.89467
271.9874 232.78426 1.61035
27.81409 254.37235 1.50645
161.50517 267.85313 1.25381
116.63306 195.28561 1.74406
125.66883 148.63616 1.80064
232.38272 240.41067 1.63966
100.59342 282.44546 1.67249
30.8069 246.09896 1.18955
110.82866 123.26335 1.33241
268.62631 240.58786 1.42809
1.61184 262.61238 1.8163
167.62511 138.52085 1.61908
274.66618 179.76849 1.07218
46.21015 137.01789 1.04277
62.4841 126.00258 1.89158
113.1618 198.62353 1.54562
224.04528 89.89791 1.16986
237.61204 164.95464 1.8308
102.0054 110.16663 1.2405
53.83498 202.18266 1.76194
79.02099 257.83992 1.93897
295.34987 171.81964 1.54393
220.41727 117.57791 1.58039
71.45308 267.15947 1.68897
41.70551 144.78552 1.33177
214.57843 177.34314 1.52847
96.37839 206.13635 1.7777
31.52652 254.05489 1.05364
254.63997 142.239 1.51368
243.08321 148.23801 1.86384
162.26508 236.41209 1.57386
97.20644 93.971 1.37218
166.77594 183.18067 1.66349
224.10672 110.02677 1.5145
44.68763 212.13688 1.49929
83.98515 100.06148 1.39083
168.15466 94.77457 1.22818
61.13778 283.96558 1.56142
208.17982 292.38941 1.299
21.33059 264.71026 1.58646
77.01617 250.37307 1.04402
285.88669 183.26837 1.63448
235.86731 139.97694 1.50205
38.35107 240.86954 1.86554
280.31968 97.38556 1.34396
259.48251 241.82377 1.5342
186.61609 91.38815 1.52036
229.21315 281.22974 1.29969
179.42577 279.51841 1.74891
47.90739 265.70199 1.25876
72.42465 182.08278 1.68652
22.22652 151.82563 1.15581
263.45186 292.30902 1.93735
16.16542 197.70171 1.29901
32.74614 99.65707 1.27502
24.80528 230.77116 1.02217
262.94501 81.46606 1.91728
209.00805 219.00953 1.85694
193.4468 223.16232 1.34754
34.15679 77.98838 1.96937
219.79328 271.21191 1.31873
53.35671 264.91353 1.06543
75.97873 297.08804 1.56167
152.15668 224.79166 1.4314
49.29422 124.94009 1.46042
258.45929 109.36544 1.68835
159.30223 129.48127 1.33426
224.72567 150.83585 1.57393
211.3894 250.43777 1.19778
99.27136 200.69927 1.25367
124.59803 240.02109 1.10246
277.67979 280.86995 1.59815
280.7902 89.76228 1.93647
128.23106 183.71008 1.61373
240.49361 221.99334 1.92526
123.50853 88.69061 1.59727
255.58398 290.74789 1.95007
83.24664 244.8702 1.32908
184.7921 268.7636 1.42473
86.8066 188.6059 1.17127
74.63269 148.23771 1.69507
120.86513 233.64636 1.68893
43.88785 286.31672 1.06025
247.63369 244.684 1.53171
140.70519 212.32619 1.71381
26.19847 286.2084 1.79011
95.05044 180.01058 1.93203
267.36504 163.86229 1.9921
165.52555 153.8374 1.29753
96.82987 135.56342 1.54234
65.69953 256.05765 1.79344
122.98171 138.08371 1.36104
107.27813 77.80281 1.89961
122.83791 80.1172 1.51836
161.25924 247.46872 1.49571
6.13253 275.93273 1.62449
196.58561 187.60124 1.94168
211.50026 268.80827 1.09377
192.57702 237.3077 1.65566
118.10719 263.46139 1.85373
88.55841 137.80343 1.17098
3.69029 131.89274 1.76286
69.96595 254.79055 1.71805
30.39215 95.68628 1.0198
123.87095 246.05141 1.30705
126.62716 285.19546 1.54006
176.3237 264.24396 1.27918
20.8363 237.98576 1.04981
146.19489 135.41893 1.83521
297.30445 153.56201 1.49683
288.1675 158.21456 1.9301
167.86256 111.81369 1.69137
173.08861 166.65038 1.17973
33.4498 272.48887 1.73551
3.54586 246.67535 1.42941
28.67866 240.6202 1.84438
176.49635 113.65245 1.9793
95.22789 124.02874 1.38923
157.85512 258.38213 1.42889
44.39084 124.79687 1.6931
145.49249 211.36145 1.45841
91.57716 150.742 1.32097
252.01871 237.47641 1.09062
197.66985 102.13421 1.03946
89.80475 158.85704 1.80793
231.09297 266.12487 1.58326
291.4024 121.46151 1.97668
208.26998 77.99238 1.64233
224.00745 292.70332 1.22792
226.38643 187.57524 1.75418
38.55108 252.2171 1.58694
202.04052 267.33746 1.90907
179.90509 251.50438 1.74295
105.47804 88.63908 1.94656
259.62456 261.71374 1.84548
67.01515 265.02214 1.58175
21.83336 172.33019 1.43695
113.31232 133.46556 1.9915
26.90316 280.90941 1.94245
39.84823 282.36751 1.74884
147.72867 254.27144 1.13886
123.93425 213.18598 1.38478
104.9454 188.86174 1.74036
79.41793 98.56002 1.19882
272.10927 244.66132 1.57259
188.26086 295.02443 1.42698
5.01105 103.89545 1.1272
44.90904 180.34864 1.93639
256.93508 137.24325 1.89412
187.44175 151.65918 1.92448
265.58686 94.96001 1.50081
150.06447 98.21537 1.59499
174.05778 102.40856 1.15159
84.67528 295.02915 1.7311
50.54032 108.83817 1.72847
40.94519 203.11382 1.1201
9.07022 285.70613 1.15031
207.21829 285.778 1.58961
140.23771 121.86509 1.84497
11.94187 247.86241 1.42668
84.53926 114.14015 1.18971
106.52905 226.6795 1.13013
140.02727 291.70705 1.56972
73.02547 261.15387 1.0197
182.87839 282.94709 1.54581
216.35336 87.34353 1.49884
98.77166 104.94184 1.96029
1.30595 145.29834 1.97722
285.89335 196.31387 1.00344
279.67454 214.94042 1.1451
226.69687 175.69501 1.03125
198.27146 244.23737 1.5312
248.47846 219.09082 1.5983
261.24418 200.64953 1.9959
133.41491 194.79977 1.5462
106.85564 215.43567 1.07078
138.64572 159.50754 1.72496
212.31943 226.58927 1.58833
172.71519 173.90468 1.27101
169.39241 266.12911 1.13059
71.55542 103.10719 1.44897
180.00101 293.70082 1.62583
287.16783 105.22885 1.63586
Switches 3
180 180
180 60
180 0
Grounds 300
-0.5 -0.5 -0.5 0.5 0.5 -0.5 0.5 0.5
0.5 -0.5 0.5 0.5 1.5 -0.5 1.5 0.5
1.5 -0.5 1.5 0.5 2.5 -0.5 2.5 0.5
2.5 -0.5 2.5 0.5 3.5 -0.5 3.5 0.5
3.5 -0.5 3.5 0.5 4.5 -0.5 4.5 0.5
4.5 -0.5 4.5 0.5 5.5 -0.5 5.5 0.5
5.5 -0.5 5.5 0.5 6.5 -0.5 6.5 0.5
6.5 -0.5 6.5 0.5 7.5 -0.5 7.5 0.5
7.5 -0.5 7.5 0.5 8.5 -0.5 8.5 0.5
8.5 -0.5 8.5 0.5 9.5 -0.5 9.5 0.5
9.5 -0.5 9.5 0.5 10.5 -0.5 10.5 0.5
10.5 -0.5 10.5 0.5 11.5 -0.5 11.5 0.5
11.5 -0.5 11.5 0.5 12.5 -0.5 12.5 0.5
12.5 -0.5 12.5 0.5 13.5 -0.5 13.5 0.5
13.5 -0.5 13.5 0.5 14.5 -0.5 14.5 0.5
14.5 -0.5 14.5 0.5 15.5 -0.5 15.5 0.5
15.5 -0.5 15.5 0.5 16.5 -0.5 16.5 0.5
16.5 -0.5 16.5 0.5 17.5 -0.5 17.5 0.5
17.5 -0.5 17.5 0.5 18.5 -0.5 18.5 0.5
18.5 -0.5 18.5 0.5 19.5 -0.5 19.5 0.5
19.5 -0.5 19.5 0.5 20.5 -0.5 20.5 0.5
20.5 -0.5 20.5 0.5 21.5 -0.5 21.5 0.5
21.5 -0.5 21.5 0.5 22.5 -0.5 22.5 0.5
22.5 -0.5 22.5 0.5 23.5 -0.5 23.5 0.5
23.5 -0.5 23.5 0.5 24.5 -0.5 24.5 0.5
24.5 -0.5 24.5 0.5 25.5 -0.5 25.5 0.5
25.5 -0.5 25.5 0.5 26.5 -0.5 26.5 0.5
26.5 -0.5 26.5 0.5 27.5 -0.5 27.5 0.5
27.5 -0.5 27.5 0.5 28.5 -0.5 28.5 0.5
28.5 -0.5 28.5 0.5 29.5 -0.5 29.5 0.5
29.5 -0.5 29.5 0.5 30.5 -0.5 30.5 0.5
30.5 -0.5 30.5 0.5 31.5 -0.5 31.5 0.5
31.5 -0.5 31.5 0.5 32.5 -0.5 32.5 0.5
32.5 -0.5 32.5 0.5 33.5 -0.5 33.5 0.5
33.5 -0.5 33.5 0.5 34.5 -0.5 34.5 0.5
34.5 -0.5 34.5 0.5 35.5 -0.5 35.5 0.5
35.5 -0.5 35.5 0.5 36.5 -0.5 36.5 0.5
36.5 -0.5 36.5 0.5 37.5 -0.5 37.5 0.5
37.5 -0.5 37.5 0.5 38.5 -0.5 38.5 0.5
38.5 -0.5 38.5 0.5 39.5 -0.5 39.5 0.5
39.5 -0.5 39.5 0.5 40.5 -0.5 40.5 0.5
40.5 -0.5 40.5 0.5 41.5 -0.5 41.5 0.5
41.5 -0.5 41.5 0.5 42.5 -0.5 42.5 0.5
42.5 -0.5 42.5 0.5 43.5 -0.5 43.5 0.5
43.5 -0.5 43.5 0.5 44.5 -0.5 44.5 0.5
44.5 -0.5 44.5 0.5 45.5 -0.5 45.5 0.5
45.5 -0.5 45.5 0.5 46.5 -0.5 46.5 0.5
46.5 -0.5 46.5 0.5 47.5 -0.5 47.5 0.5
47.5 -0.5 47.5 0.5 48.5 -0.5 48.5 0.5
48.5 -0.5 48.5 0.5 49.5 -0.5 49.5 0.5
49.5 -0.5 49.5 0.5 50.5 -0.5 50.5 0.5
50.5 -0.5 50.5 0.5 51.5 -0.5 51.5 0.5
51.5 -0.5 51.5 0.5 52.5 -0.5 52.5 0.5
52.5 -0.5 52.5 0.5 53.5 -0.5 53.5 0.5
53.5 -0.5 53.5 0.5 54.5 -0.5 54.5 0.5
54.5 -0.5 54.5 0.5 55.5 -0.5 55.5 0.5
55.5 -0.5 55.5 0.5 56.5 -0.5 56.5 0.5
56.5 -0.5 56.5 0.5 57.5 -0.5 57.5 0.5
57.5 -0.5 57.5 0.5 58.5 -0.5 58.5 0.5
58.5 -0.5 58.5 0.5 59.5 -0.5 59.5 0.5
59.5 -0.5 59.5 0.5 60.5 -0.5 60.5 0.5
60.5 -0.5 60.5 0.5 61.5 -0.5 61.5 0.5
61.5 -0.5 61.5 0.5 62.5 -0.5 62.5 0.5
62.5 -0.5 62.5 0.5 63.5 -0.5 63.5 0.5
63.5 -0.5 63.5 0.5 64.5 -0.5 64.5 0.5
64.5 -0.5 64.5 0.5 65.5 -0.5 65.5 0.5
65.5 -0.5 65.5 0.5 66.5 -0.5 66.5 0.5
66.5 -0.5 66.5 0.5 67.5 -0.5 67.5 0.5
67.5 -0.5 67.5 0.5 68.5 -0.5 68.5 0.5
68.5 -0.5 68.5 0.5 69.5 -0.5 69.5 0.5
69.5 -0.5 69.5 0.5 70.5 -0.5 70.5 0.5
70.5 -0.5 70.5 0.5 71.5 -0.5 71.5 0.5
71.5 -0.5 71.5 0.5 72.5 -0.5 72.5 0.5
72.5 -0.5 72.5 0.5 73.5 -0.5 73.5 0.5
73.5 -0.5 73.5 0.5 74.5 -0.5 74.5 0.5
74.5 -0.5 74.5 0.5 75.5 -0.5 75.5 0.5
75.5 -0.5 75.5 0.5 76.5 -0.5 76.5 0.5
76.5 -0.5 76.5 0.5 77.5 -0.5 77.5 0.5
77.5 -0.5 77.5 0.5 78.5 -0.5 78.5 0.5
78.5 -0.5 78.5 0.5 79.5 -0.5 79.5 0.5
79.5 -0.5 79.5 0.5 80.5 -0.5 80.5 0.5
80.5 -0.5 80.5 0.5 81.5 -0.5 81.5 0.5
81.5 -0.5 81.5 0.5 82.5 -0.5 82.5 0.5
82.5 -0.5 82.5 0.5 83.5 -0.5 83.5 0.5
83.5 -0.5 83.5 0.5 84.5 -0.5 84.5 0.5
84.5 -0.5 84.5 0.5 85.5 -0.5 85.5 0.5
85.5 -0.5 85.5 0.5 86.5 -0.5 86.5 0.5
86.5 -0.5 86.5 0.5 87.5 -0.5 87.5 0.5
87.5 -0.5 87.5 0.5 88.5 -0.5 88.5 0.5
88.5 -0.5 88.5 0.5 89.5 -0.5 89.5 0.5
89.5 -0.5 89.5 0.5 90.5 -0.5 90.5 0.5
90.5 -0.5 90.5 0.5 91.5 -0.5 91.5 0.5
91.5 -0.5 91.5 0.5 92.5 -0.5 92.5 0.5
92.5 -0.5 92.5 0.5 93.5 -0.5 93.5 0.5
93.5 -0.5 93.5 0.5 94.5 -0.5 94.5 0.5
94.5 -0.5 94.5 0.5 95.5 -0.5 95.5 0.5
95.5 -0.5 95.5 0.5 96.5 -0.5 96.5 0.5
96.5 -0.5 96.5 0.5 97.5 -0.5 97.5 0.5
97.5 -0.5 97.5 0.5 98.5 -0.5 98.5 0.5
98.5 -0.5 98.5 0.5 99.5 -0.5 99.5 0.5
99.5 -0.5 99.5 0.5 100.5 -0.5 100.5 0.5
100.5 -0.5 100.5 0.5 101.5 -0.5 101.5 0.5
101.5 -0.5 101.5 0.5 102.5 -0.5 102.5 0.5
102.5 -0.5 102.5 0.5 103.5 -0.5 103.5 0.5
103.5 -0.5 103.5 0.5 104.5 -0.5 104.5 0.5
104.5 -0.5 104.5 0.5 105.5 -0.5 105.5 0.5
105.5 -0.5 105.5 0.5 106.5 -0.5 106.5 0.5
106.5 -0.5 106.5 0.5 107.5 -0.5 107.5 0.5
107.5 -0.5 107.5 0.5 108.5 -0.5 108.5 0.5
108.5 -0.5 108.5 0.5 109.5 -0.5 109.5 0.5
109.5 -0.5 109.5 0.5 110.5 -0.5 110.5 0.5
110.5 -0.5 110.5 0.5 111.5 -0.5 111.5 0.5
111.5 -0.5 111.5 0.5 112.5 -0.5 112.5 0.5
112.5 -0.5 112.5 0.5 113.5 -0.5 113.5 0.5
113.5 -0.5 113.5 0.5 114.5 -0.5 114.5 0.5
114.5 -0.5 114.5 0.5 115.5 -0.5 115.5 0.5
115.5 -0.5 115.5 0.5 116.5 -0.5 116.5 0.5
116.5 -0.5 116.5 0.5 117.5 -0.5 117.5 0.5
117.5 -0.5 117.5 0.5 118.5 -0.5 118.5 0.5
118.5 -0.5 118.5 0.5 119.5 -0.5 119.5 0.5
119.5 -0.5 119.5 0.5 120.5 -0.5 120.5 0.5
120.5 -0.5 120.5 0.5 121.5 -0.5 121.5 0.5
121.5 -0.5 121.5 0.5 122.5 -0.5 122.5 0.5
122.5 -0.5 122.5 0.5 123.5 -0.5 123.5 0.5
123.5 -0.5 123.5 0.5 124.5 -0.5 124.5 0.5
124.5 -0.5 124.5 0.5 125.5 -0.5 125.5 0.5
125.5 -0.5 125.5 0.5 126.5 -0.5 126.5 0.5
126.5 -0.5 126.5 0.5 127.5 -0.5 127.5 0.5
127.5 -0.5 127.5 0.5 128.5 -0.5 128.5 0.5
128.5 -0.5 128.5 0.5 129.5 -0.5 129.5 0.5
129.5 -0.5 129.5 0.5 130.5 -0.5 130.5 0.5
130.5 -0.5 130.5 0.5 131.5 -0.5 131.5 0.5
131.5 -0.5 131.5 0.5 132.5 -0.5 132.5 0.5
132.5 -0.5 132.5 0.5 133.5 -0.5 133.5 0.5
133.5 -0.5 133.5 0.5 134.5 -0.5 134.5 0.5
134.5 -0.5 134.5 0.5 135.5 -0.5 135.5 0.5
135.5 -0.5 135.5 0.5 136.5 -0.5 136.5 0.5
136.5 -0.5 136.5 0.5 137.5 -0.5 137.5 0.5
137.5 -0.5 137.5 0.5 138.5 -0.5 138.5 0.5
138.5 -0.5 138.5 0.5 139.5 -0.5 139.5 0.5
139.5 -0.5 139.5 0.5 140.5 -0.5 140.5 0.5
140.5 -0.5 140.5 0.5 141.5 -0.5 141.5 0.5
141.5 -0.5 141.5 0.5 142.5 -0.5 142.5 0.5
142.5 -0.5 142.5 0.5 143.5 -0.5 143.5 0.5
143.5 -0.5 143.5 0.5 144.5 -0.5 144.5 0.5
144.5 -0.5 144.5 0.5 145.5 -0.5 145.5 0.5
145.5 -0.5 145.5 0.5 146.5 -0.5 146.5 0.5
146.5 -0.5 146.5 0.5 147.5 -0.5 147.5 0.5
147.5 -0.5 147.5 0.5 148.5 -0.5 148.5 0.5
148.5 -0.5 148.5 0.5 149.5 -0.5 149.5 0.5
149.5 -0.5 149.5 0.5 150.5 -0.5 150.5 0.5
150.5 -0.5 150.5 0.5 151.5 -0.5 151.5 0.5
151.5 -0.5 151.5 0.5 152.5 -0.5 152.5 0.5
152.5 -0.5 152.5 0.5 153.5 -0.5 153.5 0.5
153.5 -0.5 153.5 0.5 154.5 -0.5 154.5 0.5
154.5 -0.5 154.5 0.5 155.5 -0.5 155.5 0.5
155.5 -0.5 155.5 0.5 156.5 -0.5 156.5 0.5
156.5 -0.5 156.5 0.5 157.5 -0.5 157.5 0.5
157.5 -0.5 157.5 0.5 158.5 -0.5 158.5 0.5
158.5 -0.5 158.5 0.5 159.5 -0.5 159.5 0.5
159.5 -0.5 159.5 0.5 160.5 -0.5 160.5 0.5
160.5 -0.5 160.5 0.5 161.5 -0.5 161.5 0.5
161.5 -0.5 161.5 0.5 162.5 -0.5 162.5 0.5
162.5 -0.5 162.5 0.5 163.5 -0.5 163.5 0.5
163.5 -0.5 163.5 0.5 164.5 -0.5 164.5 0.5
164.5 -0.5 164.5 0.5 165.5 -0.5 165.5 0.5
165.5 -0.5 165.5 0.5 166.5 -0.5 166.5 0.5
166.5 -0.5 166.5 0.5 167.5 -0.5 167.5 0.5
167.5 -0.5 167.5 0.5 168.5 -0.5 168.5 0.5
168.5 -0.5 168.5 0.5 169.5 -0.5 169.5 0.5
169.5 -0.5 169.5 0.5 170.5 -0.5 170.5 0.5
170.5 -0.5 170.5 0.5 171.5 -0.5 171.5 0.5
171.5 -0.5 171.5 0.5 172.5 -0.5 172.5 0.5
172.5 -0.5 172.5 0.5 173.5 -0.5 173.5 0.5
173.5 -0.5 173.5 0.5 174.5 -0.5 174.5 0.5
174.5 -0.5 174.5 0.5 175.5 -0.5 175.5 0.5
175.5 -0.5 175.5 0.5 176.5 -0.5 176.5 0.5
176.5 -0.5 176.5 0.5 177.5 -0.5 177.5 0.5
177.5 -0.5 177.5 0.5 178.5 -0.5 178.5 0.5
178.5 -0.5 178.5 0.5 179.5 -0.5 179.5 0.5
179.5 -0.5 179.5 0.5 180.5 -0.5 180.5 0.5
180.5 -0.5 180.5 0.5 181.5 -0.5 181.5 0.5
181.5 -0.5 181.5 0.5 182.5 -0.5 182.5 0.5
182.5 -0.5 182.5 0.5 183.5 -0.5 183.5 0.5
183.5 -0.5 183.5 0.5 184.5 -0.5 184.5 0.5
184.5 -0.5 184.5 0.5 185.5 -0.5 185.5 0.5
185.5 -0.5 185.5 0.5 186.5 -0.5 186.5 0.5
186.5 -0.5 186.5 0.5 187.5 -0.5 187.5 0.5
187.5 -0.5 187.5 0.5 188.5 -0.5 188.5 0.5
188.5 -0.5 188.5 0.5 189.5 -0.5 189.5 0.5
189.5 -0.5 189.5 0.5 190.5 -0.5 190.5 0.5
190.5 -0.5 190.5 0.5 191.5 -0.5 191.5 0.5
191.5 -0.5 191.5 0.5 192.5 -0.5 192.5 0.5
192.5 -0.5 192.5 0.5 193.5 -0.5 193.5 0.5
193.5 -0.5 193.5 0.5 194.5 -0.5 194.5 0.5
194.5 -0.5 194.5 0.5 195.5 -0.5 195.5 0.5
195.5 -0.5 195.5 0.5 196.5 -0.5 196.5 0.5
196.5 -0.5 196.5 0.5 197.5 -0.5 197.5 0.5
197.5 -0.5 197.5 0.5 198.5 -0.5 198.5 0.5
198.5 -0.5 198.5 0.5 199.5 -0.5 199.5 0.5
199.5 -0.5 199.5 0.5 200.5 -0.5 200.5 0.5
200.5 -0.5 200.5 0.5 201.5 -0.5 201.5 0.5
201.5 -0.5 201.5 0.5 202.5 -0.5 202.5 0.5
202.5 -0.5 202.5 0.5 203.5 -0.5 203.5 0.5
203.5 -0.5 203.5 0.5 204.5 -0.5 204.5 0.5
204.5 -0.5 204.5 0.5 205.5 -0.5 205.5 0.5
205.5 -0.5 205.5 0.5 206.5 -0.5 206.5 0.5
206.5 -0.5 206.5 0.5 207.5 -0.5 207.5 0.5
207.5 -0.5 207.5 0.5 208.5 -0.5 208.5 0.5
208.5 -0.5 208.5 0.5 209.5 -0.5 209.5 0.5
209.5 -0.5 209.5 0.5 210.5 -0.5 210.5 0.5
210.5 -0.5 210.5 0.5 211.5 -0.5 211.5 0.5
211.5 -0.5 211.5 0.5 212.5 -0.5 212.5 0.5
212.5 -0.5 212.5 0.5 213.5 -0.5 213.5 0.5
213.5 -0.5 213.5 0.5 214.5 -0.5 214.5 0.5
214.5 -0.5 214.5 0.5 215.5 -0.5 215.5 0.5
215.5 -0.5 215.5 0.5 216.5 -0.5 216.5 0.5
216.5 -0.5 216.5 0.5 217.5 -0.5 217.5 0.5
217.5 -0.5 217.5 0.5 218.5 -0.5 218.5 0.5
218.5 -0.5 218.5 0.5 219.5 -0.5 219.5 0.5
219.5 -0.5 219.5 0.5 220.5 -0.5 220.5 0.5
220.5 -0.5 220.5 0.5 221.5 -0.5 221.5 0.5
221.5 -0.5 221.5 0.5 222.5 -0.5 222.5 0.5
222.5 -0.5 222.5 0.5 223.5 -0.5 223.5 0.5
223.5 -0.5 223.5 0.5 224.5 -0.5 224.5 0.5
224.5 -0.5 224.5 0.5 225.5 -0.5 225.5 0.5
225.5 -0.5 225.5 0.5 226.5 -0.5 226.5 0.5
226.5 -0.5 226.5 0.5 227.5 -0.5 227.5 0.5
227.5 -0.5 227.5 0.5 228.5 -0.5 228.5 0.5
228.5 -0.5 228.5 0.5 229.5 -0.5 229.5 0.5
229.5 -0.5 229.5 0.5 230.5 -0.5 230.5 0.5
230.5 -0.5 230.5 0.5 231.5 -0.5 231.5 0.5
231.5 -0.5 231.5 0.5 232.5 -0.5 232.5 0.5
232.5 -0.5 232.5 0.5 233.5 -0.5 233.5 0.5
233.5 -0.5 233.5 0.5 234.5 -0.5 234.5 0.5
234.5 -0.5 234.5 0.5 235.5 -0.5 235.5 0.5
235.5 -0.5 235.5 0.5 236.5 -0.5 236.5 0.5
236.5 -0.5 236.5 0.5 237.5 -0.5 237.5 0.5
237.5 -0.5 237.5 0.5 238.5 -0.5 238.5 0.5
238.5 -0.5 238.5 0.5 239.5 -0.5 239.5 0.5
239.5 -0.5 239.5 0.5 240.5 -0.5 240.5 0.5
240.5 -0.5 240.5 0.5 241.5 -0.5 241.5 0.5
241.5 -0.5 241.5 0.5 242.5 -0.5 242.5 0.5
242.5 -0.5 242.5 0.5 243.5 -0.5 243.5 0.5
243.5 -0.5 243.5 0.5 244.5 -0.5 244.5 0.5
244.5 -0.5 244.5 0.5 245.5 -0.5 245.5 0.5
245.5 -0.5 245.5 0.5 246.5 -0.5 246.5 0.5
246.5 -0.5 246.5 0.5 247.5 -0.5 247.5 0.5
247.5 -0.5 247.5 0.5 248.5 -0.5 248.5 0.5
248.5 -0.5 248.5 0.5 249.5 -0.5 249.5 0.5
249.5 -0.5 249.5 0.5 250.5 -0.5 250.5 0.5
250.5 -0.5 250.5 0.5 251.5 -0.5 251.5 0.5
251.5 -0.5 251.5 0.5 252.5 -0.5 252.5 0.5
252.5 -0.5 252.5 0.5 253.5 -0.5 253.5 0.5
253.5 -0.5 253.5 0.5 254.5 -0.5 254.5 0.5
254.5 -0.5 254.5 0.5 255.5 -0.5 255.5 0.5
255.5 -0.5 255.5 0.5 256.5 -0.5 256.5 0.5
256.5 -0.5 256.5 0.5 257.5 -0.5 257.5 0.5
257.5 -0.5 257.5 0.5 258.5 -0.5 258.5 0.5
258.5 -0.5 258.5 0.5 259.5 -0.5 259.5 0.5
259.5 -0.5 259.5 0.5 260.5 -0.5 260.5 0.5
260.5 -0.5 260.5 0.5 261.5 -0.5 261.5 0.5
261.5 -0.5 261.5 0.5 262.5 -0.5 262.5 0.5
262.5 -0.5 262.5 0.5 263.5 -0.5 263.5 0.5
263.5 -0.5 263.5 0.5 264.5 -0.5 264.5 0.5
264.5 -0.5 264.5 0.5 265.5 -0.5 265.5 0.5
265.5 -0.5 265.5 0.5 266.5 -0.5 266.5 0.5
266.5 -0.5 266.5 0.5 267.5 -0.5 267.5 0.5
267.5 -0.5 267.5 0.5 268.5 -0.5 268.5 0.5
268.5 -0.5 268.5 0.5 269.5 -0.5 269.5 0.5
269.5 -0.5 269.5 0.5 270.5 -0.5 270.5 0.5
270.5 -0.5 270.5 0.5 271.5 -0.5 271.5 0.5
271.5 -0.5 271.5 0.5 272.5 -0.5 272.5 0.5
272.5 -0.5 272.5 0.5 273.5 -0.5 273.5 0.5
273.5 -0.5 273.5 0.5 274.5 -0.5 274.5 0.5
274.5 -0.5 274.5 0.5 275.5 -0.5 275.5 0.5
275.5 -0.5 275.5 0.5 276.5 -0.5 276.5 0.5
276.5 -0.5 276.5 0.5 277.5 -0.5 277.5 0.5
277.5 -0.5 277.5 0.5 278.5 -0.5 278.5 0.5
278.5 -0.5 278.5 0.5 279.5 -0.5 279.5 0.5
279.5 -0.5 279.5 0.5 280.5 -0.5 280.5 0.5
280.5 -0.5 280.5 0.5 281.5 -0.5 281.5 0.5
281.5 -0.5 281.5 0.5 282.5 -0.5 282.5 0.5
282.5 -0.5 282.5 0.5 283.5 -0.5 283.5 0.5
283.5 -0.5 283.5 0.5 284.5 -0.5 284.5 0.5
284.5 -0.5 284.5 0.5 285.5 -0.5 285.5 0.5
285.5 -0.5 285.5 0.5 286.5 -0.5 286.5 0.5
286.5 -0.5 286.5 0.5 287.5 -0.5 287.5 0.5
287.5 -0.5 287.5 0.5 288.5 -0.5 288.5 0.5
288.5 -0.5 288.5 0.5 289.5 -0.5 289.5 0.5
289.5 -0.5 289.5 0.5 290.5 -0.5 290.5 0.5
290.5 -0.5 290.5 0.5 291.5 -0.5 291.5 0.5
291.5 -0.5 291.5 0.5 292.5 -0.5 292.5 0.5
292.5 -0.5 292.5 0.5 293.5 -0.5 293.5 0.5
293.5 -0.5 293.5 0.5 294.5 -0.5 294.5 0.5
294.5 -0.5 294.5 0.5 295.5 -0.5 295.5 0.5
295.5 -0.5 295.5 0.5 296.5 -0.5 296.5 0.5
296.5 -0.5 296.5 0.5 297.5 -0.5 297.5 0.5
297.5 -0.5 297.5 0.5 298.5 -0.5 298.5 0.5
298.5 -0.5 298.5 0.5 299.5 -0.5 299.5 0.5