Landmarks 0
Trees 100
233.66519 145.33467 1.64018
230.06313 34.73457 2.92992
226.54928 215.58181 2.18174
227.98161 270.17014 1.82274
217.42507 229.02039 2.55481
247.26191 62.31309 2.15406
263.42964 118.05953 2.05642
263.37009 266.03534 2.03797
255.70118 17.74207 2.3233
238.05743 68.55267 1.86905
228.91433 130.55892 2.50285
238.53762 22.97909 2.31103
215.63805 17.4588 2.64719
235.36232 46.37821 1.56459
250.9614 235.43731 2.32022
218.78683 163.00916 2.453
216.71004 123.91323 2.7428
248.88429 222.47818 2.67329
231.68437 172.80189 1.91374
222.73933 252.47008 1.91142
258.88621 176.7018 2.53916
243.50835 44.285 2.35586
264.01569 72.64555 2.49124
262.98437 45.41493 2.43865
257.0993 269.40039 2.64761
249.51153 42.47832 1.6067
247.77006 78.96084 2.852
240.88373 188.95878 2.81509
218.0929 6.60377 1.66943
253.3029 66.06862 2.7697
242.01886 227.58835 2.89017
226.10658 27.00728 1.76788
236.97473 123.80381 2.03145
235.17751 188.22082 2.58963
249.45557 228.47806 2.22456
219.58301 256.09356 2.21365
240.46665 212.46956 1.64433
244.61863 28.99731 1.8898
218.67481 207.18942 1.77866
228.8924 294.73231 1.96204
239.79279 138.50712 1.91731
220.14881 66.31239 2.08878
264.47406 107.58925 2.54921
245.50466 86.33937 2.47137
225.03666 296.8073 1.90652
245.22559 17.2416 2.64989
252.83301 99.74654 1.99425
235.91845 86.20403 2.30504
262.30441 124.64492 2.52101
239.58204 34.62828 2.77298
246.14629 72.31602 2.94045
252.53545 200.13998 2.83073
215.57567 154.99616 1.8562
251.41529 53.88846 2.64953
241.60025 64.09846 2.12964
222.95848 209.85256 2.08263
236.62076 152.77694 2.26748
255.53161 162.36759 1.81814
225.44805 42.16496 2.23515
264.66338 50.79699 2.94216
219.02701 133.13982 2.79141
214.09798 278.97103 2.99026
229.28915 108.68114 1.77651
224.11836 87.60217 1.75829
237.03787 258.34842 1.66
259.73551 215.07147 2.87977
255.87171 132.63684 2.58081
214.65755 88.25247 1.88613
225.67561 147.35713 2.15768
255.69572 59.23819 1.85752
252.40574 112.44859 1.74993
237.45885 284.16464 2.60433
235.55089 19.79729 1.82672
235.62638 105.74735 2.52979
230.46517 255.07183 2.53853
261.106 240.12674 2.52286
216.54104 172.77778 1.56599
237.25049 290.21225 1.82108
241.65487 92.39952 1.94952
220.52379 61.66304 1.69853
245.6942 213.88329 2.31028
237.95939 147.7734 1.98455
213.12589 91.93617 1.6459
234.91408 93.32658 2.65571
213.39876 97.03926 2.64609
234.75231 250.71234 2.88011
240.40926 82.59997 1.54847
265.08589 40.69586 2.37431
233.10835 15.98133 1.52096
217.74793 114.71118 2.86884
235.01182 60.92103 2.1479
243.29887 176.33918 2.32827
237.88606 56.21679 2.03001
214.74819 138.53756 2.93947
250.81378 137.71524 2.239
252.25088 249.35133 2.24482
224.34782 22.15744 2.6344
246.84951 202.61728 2.46634
234.19936 162.37986 2.61386
243.22427 136.76876 1.79945
Platforms 100
21.18959 -10 21.18959 10 24.76859 -10 24.76859 10
21.18959 0 21.18959 20 24.76859 0 24.76859 20
21.18959 10 21.18959 30 24.76859 10 24.76859 30
21.18959 20 21.18959 40 24.76859 20 24.76859 40
21.18959 30 21.18959 50 24.76859 30 24.76859 50
21.18959 40 21.18959 60 24.76859 40 24.76859 60
21.18959 50 21.18959 70 24.76859 50 24.76859 70
21.18959 60 21.18959 80 24.76859 60 24.76859 80
21.18959 70 21.18959 90 24.76859 70 24.76859 90
21.18959 80 21.18959 100 24.76859 80 24.76859 100
186.286 -10 186.286 10 191.63156 -10 191.63156 10
186.286 0 186.286 20 191.63156 0 191.63156 20
186.286 10 186.286 30 191.63156 10 191.63156 30
186.286 20 186.286 40 191.63156 20 191.63156 40
186.286 30 186.286 50 191.63156 30 191.63156 50
186.286 40 186.286 60 191.63156 40 191.63156 60
186.286 50 186.286 70 191.63156 50 191.63156 70
186.286 60 186.286 80 191.63156 60 191.63156 80
186.286 70 186.286 90 191.63156 70 191.63156 90
186.286 80 186.286 100 191.63156 80 191.63156 100
225.52019 -10 225.52019 10 229.65651 -10 229.65651 10
225.52019 0 225.52019 20 229.65651 0 229.65651 20
225.52019 10 225.52019 30 229.65651 10 229.65651 30
225.52019 20 225.52019 40 229.65651 20 229.65651 40
225.52019 30 225.52019 50 229.65651 30 229.65651 50
225.52019 40 225.52019 60 229.65651 40 229.65651 60
225.52019 50 225.52019 70 229.65651 50 229.65651 70
225.52019 60 225.52019 80 229.65651 60 229.65651 80
225.52019 70 225.52019 90 229.65651 70 229.65651 90
225.52019 80 225.52019 100 229.65651 80 229.65651 100
210.89284 -10 210.89284 10 214.04628 -10 214.04628 10
210.89284 0 210.89284 20 214.04628 0 214.04628 20
210.89284 10 210.89284 30 214.04628 10 214.04628 30
210.89284 20 210.89284 40 214.04628 20 214.04628 40
210.89284 30 210.89284 50 214.04628 30 214.04628 50
210.89284 40 210.89284 60 214.04628 40 214.04628 60
210.89284 50 210.89284 70 214.04628 50 214.04628 70
210.89284 60 210.89284 80 214.04628 60 214.04628 80
210.89284 70 210.89284 90 214.04628 70 214.04628 90
210.89284 80 210.89284 100 214.04628 80 214.04628 100
136.60104 -10 136.60104 10 140.4132 -10 140.4132 10
136.60104 0 136.60104 20 140.4132 0 140.4132 20
136.60104 10 136.60104 30 140.4132 10 140.4132 30
136.60104 20 136.60104 40 140.4132 20 140.4132 40
136.60104 30 136.60104 50 140.4132 30 140.4132 50
136.60104 40 136.60104 60 140.4132 40 140.4132 60
136.60104 50 136.60104 70 140.4132 50 140.4132 70
136.60104 60 136.60104 80 140.4132 60 140.4132 80
136.60104 70 136.60104 90 140.4132 70 140.4132 90
136.60104 80 136.60104 100 140.4132 80 140.4132 100
31.88698 -10 31.88698 10 37.36958 -10 37.36958 10
31.88698 0 31.88698 20 37.36958 0 37.36958 20
31.88698 10 31.88698 30 37.36958 10 37.36958 30
31.88698 20 31.88698 40 37.36958 20 37.36958 40
31.88698 30 31.88698 50 37.36958 30 37.36958 50
31.88698 40 31.88698 60 37.36958 40 37.36958 60
31.88698 50 31.88698 70 37.36958 50 37.36958 70
31.88698 60 31.88698 80 37.36958 60 37.36958 80
31.88698 70 31.88698 90 37.36958 70 37.36958 90
31.88698 80 31.88698 100 37.36958 80 37.36958 100
62.69327 -10 62.69327 10 65.50365 -10 65.50365 10
62.69327 0 62.69327 20 65.50365 0 65.50365 20
62.69327 10 62.69327 30 65.50365 10 65.50365 30
62.69327 20 62.69327 40 65.50365 20 65.50365 40
62.69327 30 62.69327 50 65.50365 30 65.50365 50
62.69327 40 62.69327 60 65.50365 40 65.50365 60
62.69327 50 62.69327 70 65.50365 50 65.50365 70
62.69327 60 62.69327 80 65.50365 60 65.50365 80
62.69327 70 62.69327 90 65.50365 70 65.50365 90
62.69327 80 62.69327 100 65.50365 80 65.50365 100
283.59447 -10 283.59447 10 284.73481 -10 284.73481 10
283.59447 0 283.59447 20 284.73481 0 284.73481 20
283.59447 10 283.59447 30 284.73481 10 284.73481 30
283.59447 20 283.59447 40 284.73481 20 284.73481 40
283.59447 30 283.59447 50 284.73481 30 284.73481 50
283.59447 40 283.59447 60 284.73481 40 284.73481 60
283.59447 50 283.59447 70 284.73481 50 284.73481 70
283.59447 60 283.59447 80 284.73481 60 284.73481 80
283.59447 70 283.59447 90 284.73481 70 284.73481 90
283.59447 80 283.59447 100 284.73481 80 284.73481 100
91.36897 -10 91.36897 10 93.43007 -10 93.43007 10
91.36897 0 91.36897 20 93.43007 0 93.43007 20
91.36897 10 91.36897 30 93.43007 10 93.43007 30
91.36897 20 91.36897 40 93.43007 20 93.43007 40
91.36897 30 91.36897 50 93.43007 30 93.43007 50
91.36897 40 91.36897 60 93.43007 40 93.43007 60
91.36897 50 91.36897 70 93.43007 50 93.43007 70
91.36897 60 91.36897 80 93.43007 60 93.43007 80
91.36897 70 91.36897 90 93.43007 70 93.43007 90
91.36897 80 91.36897 100 93.43007 80 93.43007 100
81.10656 -10 81.10656 10 84.09338 -10 84.09338 10
81.10656 0 81.10656 20 84.09338 0 84.09338 20
81.10656 10 81.10656 30 84.09338 10 84.09338 30
81.10656 20 81.10656 40 84.09338 20 84.09338 40
81.10656 30 81.10656 50 84.09338 30 84.09338 50
81.10656 40 81.10656 60 84.09338 40 84.09338 60
81.10656 50 81.10656 70 84.09338 50 84.09338 70
81.10656 60 81.10656 80 84.09338 60 84.09338 80
81.10656 70 81.10656 90 84.09338 70 84.09338 90
81.10656 80 81.10656 100 84.09338 80 84.09338 100
Branches 200
205.03011 294.93141 1.60083
243.09157 252.74781 1.48145
175.60346 99.37532 1.16628
108.10806 263.83351 1.72758
115.36168 103.79188 1.07136
38.17276 235.70798 1.0097
26.52826 176.39026 1.34598
65.42436 164.46532 1.69135
92.22759 113.36399 1.25332
205.4052 117.02247 1.85265
88.03382 267.71644 1.24005
76.46319 127.59055 1.66884
183.85061 85.7149 1.56013
284.97862 127.01737 1.77827
288.35799 145.29264 1.95166
172.21012 193.42846 1.69481
239.81453 183.93174 1.80571
62.52306 290.49085 1.05573
245.9011 207.17507 1.17249
122.18185 147.68555 1.80048
230.73363 285.66978 1.22478
148.08165 232.06409 1.4233
83.73306 166.36962 1.72938
18.84313 197.41191 1.63556
137.46326 222.09182 1.70659
75.85367 245.94844 1.16985
81.79843 109.85197 1.44469
77.67998 170.40396 1.02639
208.36448 190.725 1.61032
157.19266 84.02401 1.78642
252.46563 286.1049 1.03795
290.57512 253.77057 1.919
77.89519 190.44065 1.36157
132.39217 233.05232 1.22918
26.58923 233.40069 1.33252
268.88785 198.10184 1.7206
21.57981 151.15735 1.68407
54.69265 183.52874 1.46098
196.5336 205.18278 1.1023
288.85559 201.50189 1.30735
61.03806 80.84705 1.87739
226.25291 144.54499 1.83633
63.08851 196.63611 1.3868
178.90201 220.74874 1.57894
171.11666 122.21978 1.03832
29.48806 103.82914 1.02075
24.07569 157.03404 1.12673
165.32102 230.62301 1.95812
261.8403 177.3232 1.28368
276.83384 292.38675 1.74248
174.95346 177.80213 1.8939
221.10484 211.29677 1.31673
139.39208 178.48008 1.91663
165.26601 104.0779 1.62634
51.31707 178.64749 1.77803
112.72948 205.94875 1.13352
223.13312 248.45217 1.53873
71.19255 245.50426 1.88156
195.11282 187.77423 1.43415
112.93713 138.54552 1.84164
99.45196 98.67699 1.98613
120.96577 78.49756 1.76695
174.42666 229.33602 1.63825
185.86334 129.23927 1.72976
47.68812 93.94122 1.47215
94.65237 221.42599 1.32995
295.86212 204.55159 1.16377
241.04674 273.29679 1.01024
268.91729 262.22895 1.90775
234.33346 190.91795 1.88592
70.76979 259.77709 1.00327
84.68191 118.91481 1.05033
172.20918 91.23611 1.73243
135.33031 262.35681 1.94063
166.57 176.12706 1.7674
91.00501 188.91144 1.53556
184.82471 239.44138 1.74525
228.05291 215.13544 1.98806
241.00425 249.05761 1.92892
172.33953 114.56558 1.23888
274.55833 172.25488 1.14665
128.39666 188.02153 1.31861
171.64163 272.06271 1.22887
94.90013 206.9259 1.00695
52.60226 245.72304 1.61231
141.80822 150.14689 1.1949
71.00987 186.91173 1.43181
236.50273 153.26013 1.59197
297.92793 280.58127 1.17414
27.19145 170.45036 1.91746
248.25717 272.68302 1.56168
158.42323 204.74984 1.12083
81.93742 125.21753 1.41596
2.47904 166.72398 1.19269
202.20185 241.1719 1.84261
95.2589 152.03092 1.33394
21.04089 207.17591 1.15644
17.27841 207.27395 1.98708
142.07272 273.10416 1.7979
237.0109 98.92605 1.20915
119.5563 107.65905 1.44805
153.40579 88.26502 1.13956
244.34839 162.21922 1.72788
150.4582 92.40151 1.21075
249.08955 148.14513 1.31899
213.79759 282.44349 1.95297
11.23235 80.38824 1.23698
99.54555 161.55722 1.90686
153.1778 278.32986 1.49237
14.83002 236.09286 1.82085
217.86644 90.53073 1.86096
197.27681 259.83844 1.48948
203.46439 208.75896 1.83007
83.30894 152.87618 1.79292
27.99909 98.09746 1.4219
136.34382 209.98007 1.53858
26.35891 130.09234 1.20209
296.31257 103.36246 1.80729
240.80894 292.59635 1.00606
221.84765 259.73493 1.66125
99.58638 230.35847 1.43981
248.05841 206.65606 1.04109
143.32364 290.24605 1.97046
67.18677 183.47564 1.46646
37.80024 92.22416 1.7499
72.81842 112.66578 1.09022
101.10266 192.92069 1.11433
217.6402 269.3035 1.83067
197.97034 119.6478 1.56395
40.0161 171.59141 1.75766
279.64427 157.1501 1.90784
119.49765 134.41905 1.919
19.92535 238.79588 1.63985
182.40999 97.86585 1.92775
99.60878 146.02362 1.15043
95.33653 114.77922 1.38461
106.17539 227.69275 1.28206
167.15641 182.89959 1.29891
256.32012 223.48021 1.81363
240.92131 160.29448 1.7565
122.14365 181.95076 1.79218
11.49552 250.83122 1.30551
270.86652 118.04206 1.60242
177.23403 80.21989 1.76203
208.95197 249.83289 1.14408
59.89939 130.47757 1.61614
121.98247 94.97956 1.6163
125.62572 232.52722 1.14796
261.62535 88.95296 1.71145
75.34904 111.77786 1.41305
12.23977 174.25791 1.39118
210.14466 100.8513 1.48449
194.09921 157.58034 1.84418
225.62487 274.27181 1.32955
188.56504 80.9251 1.09865
253.18928 132.99392 1.95565
174.22506 239.24095 1.27688
52.23141 140.38965 1.86438
12.75705 258.32803 1.46282
124.93516 246.90594 1.09079
225.87775 167.26064 1.60698
231.46127 222.92602 1.91515
173.74404 147.46252 1.14625
278.63579 165.03215 1.65963
80.94856 182.69149 1.88242
38.98548 263.6733 1.29932
73.87404 204.14245 1.48953
76.28032 229.90889 1.59253
144.36063 106.94827 1.36028
246.85027 285.34603 1.96115
140.78155 281.65255 1.57478
178.26586 161.70523 1.56003
57.99002 248.88097 1.85722
199.89431 224.60835 1.7824
251.21974 186.58189 1.42185
32.5003 100.72462 1.27328
184.95688 256.4252 1.84356
41.13387 84.25572 1.49354
296.96787 277.42375 1.19806
33.0733 105.85924 1.05718
166.02258 172.88486 1.2428
133.60454 293.70646 1.79539
214.71838 252.07997 1.56823
190.32543 288.01075 1.90065
31.78165 130.18341 1.29138
233.95699 240.965 1.43275
200.03397 125.93264 1.63359
92.02629 215.73504 1.2144
280.8787 297.02023 1.69327
275.21857 201.55014 1.68282
137.15058 163.83146 1.56438
190.96101 276.75114 1.46026
138.5357 92.82706 1.00583
285.47605 153.63567 1.40124
115.70322 153.47782 1.92768
99.87891 212.90701 1.12873
190.14909 151.20339 1.58101
219.43494 251.86287 1.25551
242.12201 213.90849 1.85267
258.38463 128.40897 1.78025
Switches 1
240 120
Grounds 300
-0.5 -0.5 -0.5 0.5 0.5 -0.5 0.5 0.5
0.5 -0.5 0.5 0.5 1.5 -0.5 1.5 0.5
1.5 -0.5 1.5 0.5 2.5 -0.5 2.5 0.5
2.5 -0.5 2.5 0.5 3.5 -0.5 3.5 0.5
3.5 -0.5 3.5 0.5 4.5 -0.5 4.5 0.5
4.5 -0.5 4.5 0.5 5.5 -0.5 5.5 0.5
5.5 -0.5 5.5 0.5 6.5 -0.5 6.5 0.5
6.5 -0.5 6.5 0.5 7.5 -0.5 7.5 0.5
7.5 -0.5 7.5 0.5 8.5 -0.5 8.5 0.5
8.5 -0.5 8.5 0.5 9.5 -0.5 9.5 0.5
9.5 -0.5 9.5 0.5 10.5 -0.5 10.5 0.5
10.5 -0.5 10.5 0.5 11.5 -0.5 11.5 0.5
11.5 -0.5 11.5 0.5 12.5 -0.5 12.5 0.5
12.5 -0.5 12.5 0.5 13.5 -0.5 13.5 0.5
13.5 -0.5 13.5 0.5 14.5 -0.5 14.5 0.5
14.5 -0.5 14.5 0.5 15.5 -0.5 15.5 0.5
15.5 -0.5 15.5 0.5 16.5 -0.5 16.5 0.5
16.5 -0.5 16.5 0.5 17.5 -0.5 17.5 0.5
17.5 -0.5 17.5 0.5 18.5 -0.5 18.5 0.5
18.5 -0.5 18.5 0.5 19.5 -0.5 19.5 0.5
19.5 -0.5 19.5 0.5 20.5 -0.5 20.5 0.5
20.5 -0.5 20.5 0.5 21.5 -0.5 21.5 0.5
21.5 -0.5 21.5 0.5 22.5 -0.5 22.5 0.5
22.5 -0.5 22.5 0.5 23.5 -0.5 23.5 0.5
23.5 -0.5 23.5 0.5 24.5 -0.5 24.5 0.5
24.5 -0.5 24.5 0.5 25.5 -0.5 25.5 0.5
25.5 -0.5 25.5 0.5 26.5 -0.5 26.5 0.5
26.5 -0.5 26.5 0.5 27.5 -0.5 27.5 0.5
27.5 -0.5 27.5 0.5 28.5 -0.5 28.5 0.5
28.5 -0.5 28.5 0.5 29.5 -0.5 29.5 0.5
29.5 -0.5 29.5 0.5 30.5 -0.5 30.5 0.5
30.5 -0.5 30.5 0.5 31.5 -0.5 31.5 0.5
31.5 -0.5 31.5 0.5 32.5 -0.5 32.5 0.5
32.5 -0.5 32.5 0.5 33.5 -0.5 33.5 0.5
33.5 -0.5 33.5 0.5 34.5 -0.5 34.5 0.5
34.5 -0.5 34.5 0.5 35.5 -0.5 35.5 0.5
35.5 -0.5 35.5 0.5 36.5 -0.5 36.5 0.5
36.5 -0.5 36.5 0.5 37.5 -0.5 37.5 0.5
37.5 -0.5 37.5 0.5 38.5 -0.5 38.5 0.5
38.5 -0.5 38.5 0.5 39.5 -0.5 39.5 0.5
39.5 -0.5 39.5 0.5 40.5 -0.5 40.5 0.5
40.5 -0.5 40.5 0.5 41.5 -0.5 41.5 0.5
41.5 -0.5 41.5 0.5 42.5 -0.5 42.5 0.5
42.5 -0.5 42.5 0.5 43.5 -0.5 43.5 0.5
43.5 -0.5 43.5 0.5 44.5 -0.5 44.5 0.5
44.5 -0.5 44.5 0.5 45.5 -0.5 45.5 0.5
45.5 -0.5 45.5 0.5 46.5 -0.5 46.5 0.5
46.5 -0.5 46.5 0.5 47.5 -0.5 47.5 0.5
47.5 -0.5 47.5 0.5 48.5 -0.5 48.5 0.5
48.5 -0.5 48.5 0.5 49.5 -0.5 49.5 0.5
49.5 -0.5 49.5 0.5 50.5 -0.5 50.5 0.5
50.5 -0.5 50.5 0.5 51.5 -0.5 51.5 0.5
51.5 -0.5 51.5 0.5 52.5 -0.5 52.5 0.5
52.5 -0.5 52.5 0.5 53.5 -0.5 53.5 0.5
53.5 -0.5 53.5 0.5 54.5 -0.5 54.5 0.5
54.5 -0.5 54.5 0.5 55.5 -0.5 55.5 0.5
55.5 -0.5 55.5 0.5 56.5 -0.5 56.5 0.5
56.5 -0.5 56.5 0.5 57.5 -0.5 57.5 0.5
57.5 -0.5 57.5 0.5 58.5 -0.5 58.5 0.5
58.5 -0.5 58.5 0.5 59.5 -0.5 59.5 0.5
59.5 -0.5 59.5 0.5 60.5 -0.5 60.5 0.5
60.5 -0.5 60.5 0.5 61.5 -0.5 61.5 0.5
61.5 -0.5 61.5 0.5 62.5 -0.5 62.5 0.5
62.5 -0.5 62.5 0.5 63.5 -0.5 63.5 0.5
63.5 -0.5 63.5 0.5 64.5 -0.5 64.5 0.5
64.5 -0.5 64.5 0.5 65.5 -0.5 65.5 0.5
65.5 -0.5 65.5 0.5 66.5 -0.5 66.5 0.5
66.5 -0.5 66.5 0.5 67.5 -0.5 67.5 0.5
67.5 -0.5 67.5 0.5 68.5 -0.5 68.5 0.5
68.5 -0.5 68.5 0.5 69.5 -0.5 69.5 0.5
69.5 -0.5 69.5 0.5 70.5 -0.5 70.5 0.5
70.5 -0.5 70.5 0.5 71.5 -0.5 71.5 0.5
71.5 -0.5 71.5 0.5 72.5 -0.5 72.5 0.5
72.5 -0.5 72.5 0.5 73.5 -0.5 73.5 0.5
73.5 -0.5 73.5 0.5 74.5 -0.5 74.5 0.5
74.5 -0.5 74.5 0.5 75.5 -0.5 75.5 0.5
75.5 -0.5 75.5 0.5 76.5 -0.5 76.5 0.5
76.5 -0.5 76.5 0.5 77.5 -0.5 77.5 0.5
77.5 -0.5 77.5 0.5 78.5 -0.5 78.5 0.5
78.5 -0.5 78.5 0.5 79.5 -0.5 79.5 0.5
79.5 -0.5 79.5 0.5 80.5 -0.5 80.5 0.5
80.5 -0.5 80.5 0.5 81.5 -0.5 81.5 0.5
81.5 -0.5 81.5 0.5 82.5 -0.5 82.5 0.5
82.5 -0.5 82.5 0.5 83.5 -0.5 83.5 0.5
83.5 -0.5 83.5 0.5 84.5 -0.5 84.5 0.5
84.5 -0.5 84.5 0.5 85.5 -0.5 85.5 0.5
85.5 -0.5 85.5 0.5 86.5 -0.5 86.5 0.5
86.5 -0.5 86.5 0.5 87.5 -0.5 87.5 0.5
87.5 -0.5 87.5 0.5 88.5 -0.5 88.5 0.5
88.5 -0.5 88.5 0.5 89.5 -0.5 89.5 0.5
89.5 -0.5 89.5 0.5 90.5 -0.5 90.5 0.5
90.5 -0.5 90.5 0.5 91.5 -0.5 91.5 0.5
91.5 -0.5 91.5 0.5 92.5 -0.5 92.5 0.5
92.5 -0.5 92.5 0.5 93.5 -0.5 93.5 0.5
93.5 -0.5 93.5 0.5 94.5 -0.5 94.5 0.5
94.5 -0.5 94.5 0.5 95.5 -0.5 95.5 0.5
95.5 -0.5 95.5 0.5 96.5 -0.5 96.5 0.5
96.5 -0.5 96.5 0.5 97.5 -0.5 97.5 0.5
97.5 -0.5 97.5 0.5 98.5 -0.5 98.5 0.5
98.5 -0.5 98.5 0.5 99.5 -0.5 99.5 0.5
99.5 -0.5 99.5 0.5 100.5 -0.5 100.5 0.5
100.5 -0.5 100.5 0.5 101.5 -0.5 101.5 0.5
101.5 -0.5 101.5 0.5 102.5 -0.5 102.5 0.5
102.5 -0.5 102.5 0.5 103.5 -0.5 103.5 0.5
103.5 -0.5 103.5 0.5 104.5 -0.5 104.5 0.5
104.5 -0.5 104.5 0.5 105.5 -0.5 105.5 0.5
105.5 -0.5 105.5 0.5 106.5 -0.5 106.5 0.5
106.5 -0.5 106.5 0.5 107.5 -0.5 107.5 0.5
107.5 -0.5 107.5 0.5 108.5 -0.5 108.5 0.5
108.5 -0.5 108.5 0.5 109.5 -0.5 109.5 0.5
109.5 -0.5 109.5 0.5 110.5 -0.5 110.5 0.5
110.5 -0.5 110.5 0.5 111.5 -0.5 111.5 0.5
111.5 -0.5 111.5 0.5 112.5 -0.5 112.5 0.5
112.5 -0.5 112.5 0.5 113.5 -0.5 113.5 0.5
113.5 -0.5 113.5 0.5 114.5 -0.5 114.5 0.5
114.5 -0.5 114.5 0.5 115.5 -0.5 115.5 0.5
115.5 -0.5 115.5 0.5 116.5 -0.5 116.5 0.5
116.5 -0.5 116.5 0.5 117.5 -0.5 117.5 0.5
117.5 -0.5 117.5 0.5 118.5 -0.5 118.5 0.5
118.5 -0.5 118.5 0.5 119.5 -0.5 119.5 0.5
119.5 -0.5 119.5 0.5 120.5 -0.5 120.5 0.5
120.5 -0.5 120.5 0.5 121.5 -0.5 121.5 0.5
121.5 -0.5 121.5 0.5 122.5 -0.5 122.5 0.5
122.5 -0.5 122.5 0.5 123.5 -0.5 123.5 0.5
123.5 -0.5 123.5 0.5 124.5 -0.5 124.5 0.5
124.5 -0.5 124.5 0.5 125.5 -0.5 125.5 0.5
125.5 -0.5 125.5 0.5 126.5 -0.5 126.5 0.5
126.5 -0.5 126.5 0.5 127.5 -0.5 127.5 0.5
127.5 -0.5 127.5 0.5 128.5 -0.5 128.5 0.5
128.5 -0.5 128.5 0.5 129.5 -0.5 129.5 0.5
129.5 -0.5 129.5 0.5 130.5 -0.5 130.5 0.5
130.5 -0.5 130.5 0.5 131.5 -0.5 131.5 0.5
131.5 -0.5 131.5 0.5 132.5 -0.5 132.5 0.5
132.5 -0.5 132.5 0.5 133.5 -0.5 133.5 0.5
133.5 -0.5 133.5 0.5 134.5 -0.5 134.5 0.5
134.5 -0.5 134.5 0.5 135.5 -0.5 135.5 0.5
135.5 -0.5 135.5 0.5 136.5 -0.5 136.5 0.5
136.5 -0.5 136.5 0.5 137.5 -0.5 137.5 0.5
137.5 -0.5 137.5 0.5 138.5 -0.5 138.5 0.5
138.5 -0.5 138.5 0.5 139.5 -0.5 139.5 0.5
139.5 -0.5 139.5 0.5 140.5 -0.5 140.5 0.5
140.5 -0.5 140.5 0.5 141.5 -0.5 141.5 0.5
141.5 -0.5 141.5 0.5 142.5 -0.5 142.5 0.5
142.5 -0.5 142.5 0.5 143.5 -0.5 143.5 0.5
143.5 -0.5 143.5 0.5 144.5 -0.5 144.5 0.5
144.5 -0.5 144.5 0.5 145.5 -0.5 145.5 0.5
145.5 -0.5 145.5 0.5 146.5 -0.5 146.5 0.5
146.5 -0.5 146.5 0.5 147.5 -0.5 147.5 0.5
147.5 -0.5 147.5 0.5 148.5 -0.5 148.5 0.5
148.5 -0.5 148.5 0.5 149.5 -0.5 149.5 0.5
149.5 -0.5 149.5 0.5 150.5 -0.5 150.5 0.5
150.5 -0.5 150.5 0.5 151.5 -0.5 151.5 0.5
151.5 -0.5 151.5 0.5 152.5 -0.5 152.5 0.5
152.5 -0.5 152.5 0.5 153.5 -0.5 153.5 0.5
153.5 -0.5 153.5 0.5 154.5 -0.5 154.5 0.5
154.5 -0.5 154.5 0.5 155.5 -0.5 155.5 0.5
155.5 -0.5 155.5 0.5 156.5 -0.5 156.5 0.5
156.5 -0.5 156.5 0.5 157.5 -0.5 157.5 0.5
157.5 -0.5 157.5 0.5 158.5 -0.5 158.5 0.5
158.5 -0.5 158.5 0.5 159.5 -0.5 159.5 0.5
159.5 -0.5 159.5 0.5 160.5 -0.5 160.5 0.5
160.5 -0.5 160.5 0.5 161.5 -0.5 161.5 0.5
161.5 -0.5 161.5 0.5 162.5 -0.5 162.5 0.5
162.5 -0.5 162.5 0.5 163.5 -0.5 163.5 0.5
163.5 -0.5 163.5 0.5 164.5 -0.5 164.5 0.5
164.5 -0.5 164.5 0.5 165.5 -0.5 165.5 0.5
165.5 -0.5 165.5 0.5 166.5 -0.5 166.5 0.5
166.5 -0.5 166.5 0.5 167.5 -0.5 167.5 0.5
167.5 -0.5 167.5 0.5 168.5 -0.5 168.5 0.5
168.5 -0.5 168.5 0.5 169.5 -0.5 169.5 0.5
169.5 -0.5 169.5 0.5 170.5 -0.5 170.5 0.5
170.5 -0.5 170.5 0.5 171.5 -0.5 171.5 0.5
171.5 -0.5 171.5 0.5 172.5 -0.5 172.5 0.5
172.5 -0.5 172.5 0.5 173.5 -0.5 173.5 0.5
173.5 -0.5 173.5 0.5 174.5 -0.5 174.5 0.5
174.5 -0.5 174.5 0.5 175.5 -0.5 175.5 0.5
175.5 -0.5 175.5 0.5 176.5 -0.5 176.5 0.5
176.5 -0.5 176.5 0.5 177.5 -0.5 177.5 0.5
177.5 -0.5 177.5 0.5 178.5 -0.5 178.5 0.5
178.5 -0.5 178.5 0.5 179.5 -0.5 179.5 0.5
179.5 -0.5 179.5 0.5 180.5 -0.5 180.5 0.5
180.5 -0.5 180.5 0.5 181.5 -0.5 181.5 0.5
181.5 -0.5 181.5 0.5 182.5 -0.5 182.5 0.5
182.5 -0.5 182.5 0.5 183.5 -0.5 183.5 0.5
183.5 -0.5 183.5 0.5 184.5 -0.5 184.5 0.5
184.5 -0.5 184.5 0.5 185.5 -0.5 185.5 0.5
185.5 -0.5 185.5 0.5 186.5 -0.5 186.5 0.5
186.5 -0.5 186.5 0.5 187.5 -0.5 187.5 0.5
187.5 -0.5 187.5 0.5 188.5 -0.5 188.5 0.5
188.5 -0.5 188.5 0.5 189.5 -0.5 189.5 0.5
189.5 -0.5 189.5 0.5 190.5 -0.5 190.5 0.5
190.5 -0.5 190.5 0.5 191.5 -0.5 191.5 0.5
191.5 -0.5 191.5 0.5 192.5 -0.5 192.5 0.5
192.5 -0.5 192.5 0.5 193.5 -0.5 193.5 0.5
193.5 -0.5 193.5 0.5 194.5 -0.5 194.5 0.5
194.5 -0.5 194.5 0.5 195.5 -0.5 195.5 0.5
195.5 -0.5 195.5 0.5 196.5 -0.5 196.5 0.5
196.5 -0.5 196.5 0.5 197.5 -0.5 197.5 0.5
197.5 -0.5 197.5 0.5 198.5 -0.5 198.5 0.5
198.5 -0.5 198.5 0.5 199.5 -0.5 199.5 0.5
199.5 -0.5 199.5 0.5 200.5 -0.5 200.5 0.5
200.5 -0.5 200.5 0.5 201.5 -0.5 201.5 0.5
201.5 -0.5 201.5 0.5 202.5 -0.5 202.5 0.5
202.5 -0.5 202.5 0.5 203.5 -0.5 203.5 0.5
203.5 -0.5 203.5 0.5 204.5 -0.5 204.5 0.5
204.5 -0.5 204.5 0.5 205.5 -0.5 205.5 0.5
205.5 -0.5 205.5 0.5 206.5 -0.5 206.5 0.5
206.5 -0.5 206.5 0.5 207.5 -0.5 207.5 0.5
207.5 -0.5 207.5 0.5 208.5 -0.5 208.5 0.5
208.5 -0.5 208.5 0.5 209.5 -0.5 209.5 0.5
209.5 -0.5 209.5 0.5 210.5 -0.5 210.5 0.5
210.5 -0.5 210.5 0.5 211.5 -0.5 211.5 0.5
211.5 -0.5 211.5 0.5 212.5 -0.5 212.5 0.5
212.5 -0.5 212.5 0.5 213.5 -0.5 213.5 0.5
213.5 -0.5 213.5 0.5 214.5 -0.5 214.5 0.5
214.5 -0.5 214.5 0.5 215.5 -0.5 215.5 0.5
215.5 -0.5 215.5 0.5 216.5 -0.5 216.5 0.5
216.5 -0.5 216.5 0.5 217.5 -0.5 217.5 0.5
217.5 -0.5 217.5 0.5 218.5 -0.5 218.5 0.5
218.5 -0.5 218.5 0.5 219.5 -0.5 219.5 0.5
219.5 -0.5 219.5 0.5 220.5 -0.5 220.5 0.5
220.5 -0.5 220.5 0.5 221.5 -0.5 221.5 0.5
221.5 -0.5 221.5 0.5 222.5 -0.5 222.5 0.5
222.5 -0.5 222.5 0.5 223.5 -0.5 223.5 0.5
223.5 -0.5 223.5 0.5 224.5 -0.5 224.5 0.5
224.5 -0.5 224.5 0.5 225.5 -0.5 225.5 0.5
225.5 -0.5 225.5 0.5 226.5 -0.5 226.5 0.5
226.5 -0.5 226.5 0.5 227.5 -0.5 227.5 0.5
227.5 -0.5 227.5 0.5 228.5 -0.5 228.5 0.5
228.5 -0.5 228.5 0.5 229.5 -0.5 229.5 0.5
229.5 -0.5 229.5 0.5 230.5 -0.5 230.5 0.5
230.5 -0.5 230.5 0.5 231.5 -0.5 231.5 0.5
231.5 -0.5 231.5 0.5 232.5 -0.5 232.5 0.5
232.5 -0.5 232.5 0.5 233.5 -0.5 233.5 0.5
233.5 -0.5 233.5 0.5 234.5 -0.5 234.5 0.5
234.5 -0.5 234.5 0.5 235.5 -0.5 235.5 0.5
235.5 -0.5 235.5 0.5 236.5 -0.5 236.5 0.5
236.5 -0.5 236.5 0.5 237.5 -0.5 237.5 0.5
237.5 -0.5 237.5 0.5 238.5 -0.5 238.5 0.5
238.5 -0.5 238.5 0.5 239.5 -0.5 239.5 0.5
239.5 -0.5 239.5 0.5 240.5 -0.5 240.5 0.5
240.5 -0.5 240.5 0.5 241.5 -0.5 241.5 0.5
241.5 -0.5 241.5 0.5 242.5 -0.5 242.5 0.5
242.5 -0.5 242.5 0.5 243.5 -0.5 243.5 0.5
243.5 -0.5 243.5 0.5 244.5 -0.5 244.5 0.5
244.5 -0.5 244.5 0.5 245.5 -0.5 245.5 0.5
245.5 -0.5 245.5 0.5 246.5 -0.5 246.5 0.5
246.5 -0.5 246.5 0.5 247.5 -0.5 247.5 0.5
247.5 -0.5 247.5 0.5 248.5 -0.5 248.5 0.5
248.5 -0.5 248.5 0.5 249.5 -0.5 249.5 0.5
249.5 -0.5 249.5 0.5 250.5 -0.5 250.5 0.5
250.5 -0.5 250.5 0.5 251.5 -0.5 251.5 0.5
251.5 -0.5 251.5 0.5 252.5 -0.5 252.5 0.5
252.5 -0.5 252.5 0.5 253.5 -0.5 253.5 0.5
253.5 -0.5 253.5 0.5 254.5 -0.5 254.5 0.5
254.5 -0.5 254.5 0.5 255.5 -0.5 255.5 0.5
255.5 -0.5 255.5 0.5 256.5 -0.5 256.5 0.5
256.5 -0.5 256.5 0.5 257.5 -0.5 257.5 0.5
257.5 -0.5 257.5 0.5 258.5 -0.5 258.5 0.5
258.5 -0.5 258.5 0.5 259.5 -0.5 259.5 0.5
259.5 -0.5 259.5 0.5 260.5 -0.5 260.5 0.5
260.5 -0.5 260.5 0.5 261.5 -0.5 261.5 0.5
261.5 -0.5 261.5 0.5 262.5 -0.5 262.5 0.5
262.5 -0.5 262.5 0.5 263.5 -0.5 263.5 0.5
263.5 -0.5 263.5 0.5 264.5 -0.5 264.5 0.5
264.5 -0.5 264.5 0.5 265.5 -0.5 265.5 0.5
265.5 -0.5 265.5 0.5 266.5 -0.5 266.5 0.5
266.5 -0.5 266.5 0.5 267.5 -0.5 267.5 0.5
267.5 -0.5 267.5 0.5 268.5 -0.5 268.5 0.5
268.5 -0.5 268.5 0.5 269.5 -0.5 269.5 0.5
269.5 -0.5 269.5 0.5 270.5 -0.5 270.5 0.5
270.5 -0.5 270.5 0.5 271.5 -0.5 271.5 0.5
271.5 -0.5 271.5 0.5 272.5 -0.5 272.5 0.5
272.5 -0.5 272.5 0.5 273.5 -0.5 273.5 0.5
273.5 -0.5 273.5 0.5 274.5 -0.5 274.5 0.5
274.5 -0.5 274.5 0.5 275.5 -0.5 275.5 0.5
275.5 -0.5 275.5 0.5 276.5 -0.5 276.5 0.5
276.5 -0.5 276.5 0.5 277.5 -0.5 277.5 0.5
277.5 -0.5 277.5 0.5 278.5 -0.5 278.5 0.5
278.5 -0.5 278.5 0.5 279.5 -0.5 279.5 0.5
279.5 -0.5 279.5 0.5 280.5 -0.5 280.5 0.5
280.5 -0.5 280.5 0.5 281.5 -0.5 281.5 0.5
281.5 -0.5 281.5 0.5 282.5 -0.5 282.5 0.5
282.5 -0.5 282.5 0.5 283.5 -0.5 283.5 0.5
283.5 -0.5 283.5 0.5 284.5 -0.5 284.5 0.5
284.5 -0.5 284.5 0.5 285.5 -0.5 285.5 0.5
285.5 -0.5 285.5 0.5 286.5 -0.5 286.5 0.5
286.5 -0.5 286.5 0.5 287.5 -0.5 287.5 0.5
287.5 -0.5 287.5 0.5 288.5 -0.5 288.5 0.5
288.5 -0.5 288.5 0.5 289.5 -0.5 289.5 0.5
289.5 -0.5 289.5 0.5 290.5 -0.5 290.5 0.5
290.5 -0.5 290.5 0.5 291.5 -0.5 291.5 0.5
291.5 -0.5 291.5 0.5 292.5 -0.5 292.5 0.5
292.5 -0.5 292.5 0.5 293.5 -0.5 293.5 0.5
293.5 -0.5 293.5 0.5 294.5 -0.5 294.5 0.5
294.5 -0.5 294.5 0.5 295.5 -0.5 295.5 0.5
295.5 -0.5 295.5 0.5 296.5 -0.5 296.5 0.5
296.5 -0.5 296.5 0.5 297.5 -0.5 297.5 0.5
297.5 -0.5 297.5 0.5 298.5 -0.5 298.5 0.5
298.5 -0.5 298.5 0.5 299.5 -0.5 299.5 0.5