Landmarks 0
Trees 100
296.86003 79.80468 2.32818
320.96104 44.65884 2.84374
284.91498 127.54448 2.01521
288.88175 266.02683 1.51296
286.29187 204.02449 2.13599
286.22021 167.00684 2.56365
292.67492 225.57755 2.1992
326.30668 234.2982 2.32587
296.93469 10.29534 1.76404
325.33378 76.92599 2.37224
305.18765 28.60375 1.88587
294.02443 150.20584 2.09866
280.63159 186.79707 1.56237
312.68151 271.67285 1.6281
273.89223 285.60432 2.97549
307.74483 283.41303 2.36695
274.21974 278.5021 2.90109
296.63302 229.79347 1.66305
304.43325 19.82092 2.0547
295.3643 253.60774 2.71347
287.75385 220.45617 2.60282
281.4468 85.62103 2.77177
306.29068 287.2985 1.72897
316.15081 296.24369 1.84531
286.21018 28.57774 2.50123
309.52205 224.894 2.94807
287.64512 286.04004 1.86778
299.52383 141.14924 1.91418
323.55236 54.97609 2.88742
307.62312 262.95658 2.88358
313.08501 193.35691 1.96555
278.56978 237.7372 2.61297
289.39266 129.50692 2.36001
305.0329 232.74914 2.94771
275.24464 75.13189 2.70886
326.8905 190.38034 2.04794
311.33473 175.54165 1.9912
292.02398 262.97545 2.83736
283.51327 227.54505 1.70724
281.54772 36.05575 2.86294
283.31828 71.12598 1.77741
314.28839 204.0229 1.88154
288.2924 161.42953 2.8316
322.33672 211.58389 2.65449
313.67953 145.08434 1.7696
293.64626 91.78934 2.72876
315.88251 140.27035 2.73643
292.68762 100.77101 2.87121
294.18464 290.26734 2.18016
326.82841 120.7451 2.43056
291.9144 46.29698 2.74956
273.90212 137.21011 1.78744
310.77286 254.56213 2.7793
315.29476 49.55884 2.96537
279.14334 101.26588 2.22487
281.16935 150.68821 1.83915
310.20905 55.65604 2.66259
320.31905 82.12835 2.28647
319.23479 198.75059 2.60246
293.08979 37.69518 2.00092
326.34791 9.17498 1.94631
280.55462 118.98963 1.67655
280.5528 109.71878 2.6304
298.00431 239.11826 1.84859
304.00152 169.55122 2.1906
312.93869 108.58136 2.35379
299.68108 48.51821 2.97658
278.37147 80.80371 1.7943
313.85105 156.75744 2.97944
300.58478 92.58157 2.72111
320.98807 257.01283 1.61364
305.23746 238.6545 2.36931
293.09017 239.86081 2.71032
280.66512 76.01148 1.52624
322.30978 30.1695 2.32904
286.16781 95.88154 2.6153
315.45059 120.42752 2.85657
276.95241 140.83235 2.74084
323.01842 176.53892 2.78253
299.40035 30.54423 2.58627
279.31952 215.85292 1.94092
310.26652 150.29872 2.02417
311.3678 286.99777 1.89828
326.71222 151.73082 1.76611
295.9504 71.06589 2.01379
294.09918 32.81828 2.66194
286.23383 146.28061 1.62037
295.31775 165.44105 2.05143
297.55596 276.22451 2.12177
300.39242 176.64554 2.25879
326.75026 185.50246 2.06804
304.88559 210.99784 1.65344
325.26333 36.75391 1.83585
290.84839 195.21136 1.79284
310.66899 294.81656 1.80205
326.92563 111.29882 2.92915
277.60563 12.92392 1.5066
295.41611 243.90365 1.94
300.25745 188.7197 2.06375
304.55996 98.9289 2.75328
Platforms 60
139.29523 -10 139.29523 10 143.00325 -10 143.00325 10
139.29523 0 139.29523 20 143.00325 0 143.00325 20
139.29523 10 139.29523 30 143.00325 10 143.00325 30
139.29523 20 139.29523 40 143.00325 20 143.00325 40
139.29523 30 139.29523 50 143.00325 30 143.00325 50
139.29523 40 139.29523 60 143.00325 40 143.00325 60
139.29523 50 139.29523 70 143.00325 50 143.00325 70
139.29523 60 139.29523 80 143.00325 60 143.00325 80
139.29523 70 139.29523 90 143.00325 70 143.00325 90
139.29523 80 139.29523 100 143.00325 80 143.00325 100
45.55876 -10 45.55876 10 51.47766 -10 51.47766 10
45.55876 0 45.55876 20 51.47766 0 51.47766 20
45.55876 10 45.55876 30 51.47766 10 51.47766 30
45.55876 20 45.55876 40 51.47766 20 51.47766 40
45.55876 30 45.55876 50 51.47766 30 51.47766 50
45.55876 40 45.55876 60 51.47766 40 51.47766 60
45.55876 50 45.55876 70 51.47766 50 51.47766 70
45.55876 60 45.55876 80 51.47766 60 51.47766 80
45.55876 70 45.55876 90 51.47766 70 51.47766 90
45.55876 80 45.55876 100 51.47766 80 51.47766 100
89.92404 -10 89.92404 10 95.2391 -10 95.2391 10
89.92404 0 89.92404 20 95.2391 0 95.2391 20
89.92404 10 89.92404 30 95.2391 10 95.2391 30
89.92404 20 89.92404 40 95.2391 20 95.2391 40
89.92404 30 89.92404 50 95.2391 30 95.2391 50
89.92404 40 89.92404 60 95.2391 40 95.2391 60
89.92404 50 89.92404 70 95.2391 50 95.2391 70
89.92404 60 89.92404 80 95.2391 60 95.2391 80
89.92404 70 89.92404 90 95.2391 70 95.2391 90
89.92404 80 89.92404 100 95.2391 80 95.2391 100
28.02844 -10 28.02844 10 33.06002 -10 33.06002 10
28.02844 0 28.02844 20 33.06002 0 33.06002 20
28.02844 10 28.02844 30 33.06002 10 33.06002 30
28.02844 20 28.02844 40 33.06002 20 33.06002 40
28.02844 30 28.02844 50 33.06002 30 33.06002 50
28.02844 40 28.02844 60 33.06002 40 33.06002 60
28.02844 50 28.02844 70 33.06002 50 33.06002 70
28.02844 60 28.02844 80 33.06002 60 33.06002 80
28.02844 70 28.02844 90 33.06002 70 33.06002 90
28.02844 80 28.02844 100 33.06002 80 33.06002 100
174.4211 -10 174.4211 10 178.86998 -10 178.86998 10
174.4211 0 174.4211 20 178.86998 0 178.86998 20
174.4211 10 174.4211 30 178.86998 10 178.86998 30
174.4211 20 174.4211 40 178.86998 20 178.86998 40
174.4211 30 174.4211 50 178.86998 30 178.86998 50
174.4211 40 174.4211 60 178.86998 40 178.86998 60
174.4211 50 174.4211 70 178.86998 50 178.86998 70
174.4211 60 174.4211 80 178.86998 60 178.86998 80
174.4211 70 174.4211 90 178.86998 70 178.86998 90
174.4211 80 174.4211 100 178.86998 80 178.86998 100
186.67207 -10 186.67207 10 190.76733 -10 190.76733 10
186.67207 0 186.67207 20 190.76733 0 190.76733 20
186.67207 10 186.67207 30 190.76733 10 190.76733 30
186.67207 20 186.67207 40 190.76733 20 190.76733 40
186.67207 30 186.67207 50 190.76733 30 190.76733 50
186.67207 40 186.67207 60 190.76733 40 190.76733 60
186.67207 50 186.67207 70 190.76733 50 190.76733 70
186.67207 60 186.67207 80 190.76733 60 190.76733 80
186.67207 70 186.67207 90 190.76733 70 190.76733 90
186.67207 80 186.67207 100 190.76733 80 190.76733 100
Branches 200
9.7626 264.37924 1.43505
207.30816 276.61056 1.31717
134.53459 110.06479 1.15109
152.42896 84.09183 1.48414
280.68462 261.07075 1.21535
197.55237 274.14725 1.34262
29.44753 182.17578 1.6782
131.19845 113.3273 1.52073
61.22708 245.49236 1.46825
288.67075 174.42942 1.19504
56.60903 296.49545 1.47472
79.39473 256.20779 1.74963
285.81324 197.56645 1.96744
53.65354 171.43069 1.04539
79.72867 97.35979 1.69539
166.60778 155.74471 1.15566
252.3449 137.64873 1.82246
194.86465 89.05233 1.53626
166.23187 197.22423 1.45535
102.30141 96.33845 1.91454
233.96644 254.10685 1.11855
42.25111 110.7589 1.78405
155.67797 161.34039 1.40727
61.02928 293.14541 1.6021
39.10687 90.88707 1.1715
187.84649 192.12107 1.49038
58.26224 252.6385 1.83626
220.00914 181.47758 1.91991
46.25614 89.37043 1.09329
230.60394 226.83485 1.22261
265.01682 86.02039 1.43468
55.26434 283.17266 1.12921
87.40018 164.7482 1.30369
94.44766 255.79102 1.425
43.30602 143.80811 1.35373
99.25831 201.70728 1.73586
11.47477 102.56551 1.04215
223.74867 289.86059 1.97347
290.44537 267.20646 1.97624
92.87273 118.8505 1.37127
177.35914 167.65018 1.18609
136.53493 179.26236 1.76392
27.87853 242.10406 1.13463
131.01573 242.95552 1.07226
290.29174 221.67793 1.3692
155.24174 229.14092 1.70181
88.35682 137.68787 1.59284
180.39355 110.00683 1.20093
161.24735 121.39126 1.68491
147.06627 84.16061 1.00421
249.24728 228.10254 1.5901
186.05349 230.33474 1.50787
57.82565 169.19701 1.25913
233.80274 240.86335 1.02753
71.26438 259.12044 1.02341
86.67982 285.80637 1.67328
243.01819 259.94422 1.50992
223.06308 240.21809 1.25757
214.39557 178.48908 1.64553
154.23737 296.00131 1.40487
200.97985 229.63336 1.15978
84.27485 163.99695 1.43072
182.15146 99.04167 1.52775
282.68082 140.67404 1.49562
9.01601 129.70827 1.0956
150.90915 276.27453 1.84043
96.7794 116.09418 1.44901
38.18356 199.44617 1.06978
122.4571 185.45275 1.8021
204.68987 209.26577 1.47997
109.17936 90.1022 1.30592
237.0349 225.24036 1.49253
54.54557 136.69608 1.56699
218.92094 223.33377 1.39947
250.55211 215.87539 1.36968
66.53819 156.84822 1.76536
183.81675 281.5483 1.33679
91.31567 220.98297 1.89354
67.86241 105.32239 1.39395
118.18221 102.81451 1.52952
262.19688 90.03798 1.98043
53.25848 188.66707 1.65876
80.58754 103.79228 1.1788
74.36511 148.46369 1.2319
53.00427 194.91127 1.91111
203.54846 275.46495 1.6011
38.26247 168.84517 1.68336
40.99874 244.41789 1.90109
251.26022 281.30732 1.33569
155.62141 156.89441 1.26647
45.42526 214.24634 1.59801
257.09359 251.49011 1.04198
230.27477 85.30001 1.66943
109.57621 244.29018 1.68752
3.20707 234.95327 1.91884
16.76439 270.0805 1.92494
142.48325 185.29428 1.28412
186.05304 92.7053 1.98321
81.7442 195.20488 1.27121
294.58631 220.33703 1.62854
209.91626 155.7543 1.5947
132.40009 222.64406 1.64906
4.91471 237.81654 1.34797
14.9204 111.09789 1.14304
69.16806 131.58365 1.2562
206.78327 218.68705 1.94104
132.05601 213.26296 1.43493
265.78624 266.34551 1.4369
189.77986 106.89425 1.20977
3.39928 193.68951 1.04836
294.93458 128.31497 1.79858
219.54011 226.84196 1.35331
199.52168 266.59489 1.94798
188.12145 281.3846 1.04673
170.66977 273.51825 1.39718
210.88329 114.64711 1.53194
154.39477 114.73689 1.11423
165.59675 158.62125 1.57391
108.13964 97.90544 1.7652
141.06828 233.19995 1.89238
180.33547 186.69192 1.28156
198.37141 111.89503 1.72048
165.04372 120.49651 1.97243
248.70299 187.82412 1.48939
9.49047 197.27138 1.22793
169.60207 278.12266 1.4735
170.24582 174.12287 1.23107
188.56932 153.80674 1.29465
110.94022 206.50834 1.95266
102.6015 212.72638 1.32918
59.80012 83.15033 1.66619
237.33302 120.6151 1.50286
183.06534 236.57607 1.67347
148.53818 224.76666 1.8071
162.83754 226.72376 1.76325
188.5815 277.85245 1.27993
180.03378 289.23451 1.46605
250.11928 180.53601 1.66372
216.94297 110.73901 1.82736
53.53478 144.28706 1.07452
181.70649 136.64212 1.07276
189.35573 140.39502 1.1302
11.38222 285.15757 1.99085
296.26143 138.33192 1.36422
25.28106 165.29812 1.79652
197.0622 93.87181 1.57079
191.2868 166.25477 1.1468
91.4227 154.71276 1.0194
47.42593 154.48683 1.5958
9.9977 164.19762 1.66736
233.52774 199.32424 1.238
236.69583 175.45047 1.63552
41.61825 136.04122 1.66623
123.45998 236.18941 1.84709
252.02515 90.37978 1.10552
7.48375 186.76842 1.19705
27.27149 289.21793 1.14802
253.5843 102.32388 1.37077
72.04656 131.14107 1.3241
168.99603 107.43754 1.5892
265.63769 288.64451 1.95209
163.16005 203.84407 1.79609
42.85655 295.58349 1.17328
270.45709 244.34577 1.09
192.38478 134.66855 1.65326
296.8017 163.14254 1.60824
66.04166 148.65555 1.30508
232.4845 207.13137 1.68806
191.79447 185.20156 1.26858
109.05484 110.78123 1.72625
210.15993 117.83856 1.30896
145.92759 149.50606 1.28238
112.32787 138.8323 1.6225
42.75226 194.02452 1.08167
224.08607 162.83866 1.32771
189.20925 290.98514 1.75359
185.85586 199.29667 1.5451
286.66387 187.15902 1.83878
172.00219 288.83292 1.01039
239.05731 276.42724 1.53052
222.03417 136.19732 1.73607
286.49586 210.83714 1.79812
282.92049 144.34151 1.48952
243.40851 218.46217 1.53996
143.36198 260.83902 1.44734
36.66766 86.27047 1.83294
187.21575 224.84147 1.45589
41.55604 223.3281 1.23665
73.7198 213.98216 1.17188
231.81959 139.48917 1.03705
189.32455 145.52745 1.23834
269.43427 169.53401 1.75934
22.62567 264.59732 1.07427
57.94928 114.38245 1.12441
104.76707 225.71059 1.64514
294.7731 239.83403 1.72003
20.13338 265.94201 1.21695
84.08769 155.34738 1.05103
121.59417 83.37863 1.81021
30.24026 238.32428 1.97544
Switches 1
300 180
Grounds 300
-0.5 -0.5 -0.5 0.5 0.5 -0.5 0.5 0.5
0.5 -0.5 0.5 0.5 1.5 -0.5 1.5 0.5
1.5 -0.5 1.5 0.5 2.5 -0.5 2.5 0.5
2.5 -0.5 2.5 0.5 3.5 -0.5 3.5 0.5
3.5 -0.5 3.5 0.5 4.5 -0.5 4.5 0.5
4.5 -0.5 4.5 0.5 5.5 -0.5 5.5 0.5
5.5 -0.5 5.5 0.5 6.5 -0.5 6.5 0.5
6.5 -0.5 6.5 0.5 7.5 -0.5 7.5 0.5
7.5 -0.5 7.5 0.5 8.5 -0.5 8.5 0.5
8.5 -0.5 8.5 0.5 9.5 -0.5 9.5 0.5
9.5 -0.5 9.5 0.5 10.5 -0.5 10.5 0.5
10.5 -0.5 10.5 0.5 11.5 -0.5 11.5 0.5
11.5 -0.5 11.5 0.5 12.5 -0.5 12.5 0.5
12.5 -0.5 12.5 0.5 13.5 -0.5 13.5 0.5
13.5 -0.5 13.5 0.5 14.5 -0.5 14.5 0.5
14.5 -0.5 14.5 0.5 15.5 -0.5 15.5 0.5
15.5 -0.5 15.5 0.5 16.5 -0.5 16.5 0.5
16.5 -0.5 16.5 0.5 17.5 -0.5 17.5 0.5
17.5 -0.5 17.5 0.5 18.5 -0.5 18.5 0.5
18.5 -0.5 18.5 0.5 19.5 -0.5 19.5 0.5
19.5 -0.5 19.5 0.5 20.5 -0.5 20.5 0.5
20.5 -0.5 20.5 0.5 21.5 -0.5 21.5 0.5
21.5 -0.5 21.5 0.5 22.5 -0.5 22.5 0.5
22.5 -0.5 22.5 0.5 23.5 -0.5 23.5 0.5
23.5 -0.5 23.5 0.5 24.5 -0.5 24.5 0.5
24.5 -0.5 24.5 0.5 25.5 -0.5 25.5 0.5
25.5 -0.5 25.5 0.5 26.5 -0.5 26.5 0.5
26.5 -0.5 26.5 0.5 27.5 -0.5 27.5 0.5
27.5 -0.5 27.5 0.5 28.5 -0.5 28.5 0.5
28.5 -0.5 28.5 0.5 29.5 -0.5 29.5 0.5
29.5 -0.5 29.5 0.5 30.5 -0.5 30.5 0.5
30.5 -0.5 30.5 0.5 31.5 -0.5 31.5 0.5
31.5 -0.5 31.5 0.5 32.5 -0.5 32.5 0.5
32.5 -0.5 32.5 0.5 33.5 -0.5 33.5 0.5
33.5 -0.5 33.5 0.5 34.5 -0.5 34.5 0.5
34.5 -0.5 34.5 0.5 35.5 -0.5 35.5 0.5
35.5 -0.5 35.5 0.5 36.5 -0.5 36.5 0.5
36.5 -0.5 36.5 0.5 37.5 -0.5 37.5 0.5
37.5 -0.5 37.5 0.5 38.5 -0.5 38.5 0.5
38.5 -0.5 38.5 0.5 39.5 -0.5 39.5 0.5
39.5 -0.5 39.5 0.5 40.5 -0.5 40.5 0.5
40.5 -0.5 40.5 0.5 41.5 -0.5 41.5 0.5
41.5 -0.5 41.5 0.5 42.5 -0.5 42.5 0.5
42.5 -0.5 42.5 0.5 43.5 -0.5 43.5 0.5
43.5 -0.5 43.5 0.5 44.5 -0.5 44.5 0.5
44.5 -0.5 44.5 0.5 45.5 -0.5 45.5 0.5
45.5 -0.5 45.5 0.5 46.5 -0.5 46.5 0.5
46.5 -0.5 46.5 0.5 47.5 -0.5 47.5 0.5
47.5 -0.5 47.5 0.5 48.5 -0.5 48.5 0.5
48.5 -0.5 48.5 0.5 49.5 -0.5 49.5 0.5
49.5 -0.5 49.5 0.5 50.5 -0.5 50.5 0.5
50.5 -0.5 50.5 0.5 51.5 -0.5 51.5 0.5
51.5 -0.5 51.5 0.5 52.5 -0.5 52.5 0.5
52.5 -0.5 52.5 0.5 53.5 -0.5 53.5 0.5
53.5 -0.5 53.5 0.5 54.5 -0.5 54.5 0.5
54.5 -0.5 54.5 0.5 55.5 -0.5 55.5 0.5
55.5 -0.5 55.5 0.5 56.5 -0.5 56.5 0.5
56.5 -0.5 56.5 0.5 57.5 -0.5 57.5 0.5
57.5 -0.5 57.5 0.5 58.5 -0.5 58.5 0.5
58.5 -0.5 58.5 0.5 59.5 -0.5 59.5 0.5
59.5 -0.5 59.5 0.5 60.5 -0.5 60.5 0.5
60.5 -0.5 60.5 0.5 61.5 -0.5 61.5 0.5
61.5 -0.5 61.5 0.5 62.5 -0.5 62.5 0.5
62.5 -0.5 62.5 0.5 63.5 -0.5 63.5 0.5
63.5 -0.5 63.5 0.5 64.5 -0.5 64.5 0.5
64.5 -0.5 64.5 0.5 65.5 -0.5 65.5 0.5
65.5 -0.5 65.5 0.5 66.5 -0.5 66.5 0.5
66.5 -0.5 66.5 0.5 67.5 -0.5 67.5 0.5
67.5 -0.5 67.5 0.5 68.5 -0.5 68.5 0.5
68.5 -0.5 68.5 0.5 69.5 -0.5 69.5 0.5
69.5 -0.5 69.5 0.5 70.5 -0.5 70.5 0.5
70.5 -0.5 70.5 0.5 71.5 -0.5 71.5 0.5
71.5 -0.5 71.5 0.5 72.5 -0.5 72.5 0.5
72.5 -0.5 72.5 0.5 73.5 -0.5 73.5 0.5
73.5 -0.5 73.5 0.5 74.5 -0.5 74.5 0.5
74.5 -0.5 74.5 0.5 75.5 -0.5 75.5 0.5
75.5 -0.5 75.5 0.5 76.5 -0.5 76.5 0.5
76.5 -0.5 76.5 0.5 77.5 -0.5 77.5 0.5
77.5 -0.5 77.5 0.5 78.5 -0.5 78.5 0.5
78.5 -0.5 78.5 0.5 79.5 -0.5 79.5 0.5
79.5 -0.5 79.5 0.5 80.5 -0.5 80.5 0.5
80.5 -0.5 80.5 0.5 81.5 -0.5 81.5 0.5
81.5 -0.5 81.5 0.5 82.5 -0.5 82.5 0.5
82.5 -0.5 82.5 0.5 83.5 -0.5 83.5 0.5
83.5 -0.5 83.5 0.5 84.5 -0.5 84.5 0.5
84.5 -0.5 84.5 0.5 85.5 -0.5 85.5 0.5
85.5 -0.5 85.5 0.5 86.5 -0.5 86.5 0.5
86.5 -0.5 86.5 0.5 87.5 -0.5 87.5 0.5
87.5 -0.5 87.5 0.5 88.5 -0.5 88.5 0.5
88.5 -0.5 88.5 0.5 89.5 -0.5 89.5 0.5
89.5 -0.5 89.5 0.5 90.5 -0.5 90.5 0.5
90.5 -0.5 90.5 0.5 91.5 -0.5 91.5 0.5
91.5 -0.5 91.5 0.5 92.5 -0.5 92.5 0.5
92.5 -0.5 92.5 0.5 93.5 -0.5 93.5 0.5
93.5 -0.5 93.5 0.5 94.5 -0.5 94.5 0.5
94.5 -0.5 94.5 0.5 95.5 -0.5 95.5 0.5
95.5 -0.5 95.5 0.5 96.5 -0.5 96.5 0.5
96.5 -0.5 96.5 0.5 97.5 -0.5 97.5 0.5
97.5 -0.5 97.5 0.5 98.5 -0.5 98.5 0.5
98.5 -0.5 98.5 0.5 99.5 -0.5 99.5 0.5
99.5 -0.5 99.5 0.5 100.5 -0.5 100.5 0.5
100.5 -0.5 100.5 0.5 101.5 -0.5 101.5 0.5
101.5 -0.5 101.5 0.5 102.5 -0.5 102.5 0.5
102.5 -0.5 102.5 0.5 103.5 -0.5 103.5 0.5
103.5 -0.5 103.5 0.5 104.5 -0.5 104.5 0.5
104.5 -0.5 104.5 0.5 105.5 -0.5 105.5 0.5
105.5 -0.5 105.5 0.5 106.5 -0.5 106.5 0.5
106.5 -0.5 106.5 0.5 107.5 -0.5 107.5 0.5
107.5 -0.5 107.5 0.5 108.5 -0.5 108.5 0.5
108.5 -0.5 108.5 0.5 109.5 -0.5 109.5 0.5
109.5 -0.5 109.5 0.5 110.5 -0.5 110.5 0.5
110.5 -0.5 110.5 0.5 111.5 -0.5 111.5 0.5
111.5 -0.5 111.5 0.5 112.5 -0.5 112.5 0.5
112.5 -0.5 112.5 0.5 113.5 -0.5 113.5 0.5
113.5 -0.5 113.5 0.5 114.5 -0.5 114.5 0.5
114.5 -0.5 114.5 0.5 115.5 -0.5 115.5 0.5
115.5 -0.5 115.5 0.5 116.5 -0.5 116.5 0.5
116.5 -0.5 116.5 0.5 117.5 -0.5 117.5 0.5
117.5 -0.5 117.5 0.5 118.5 -0.5 118.5 0.5
118.5 -0.5 118.5 0.5 119.5 -0.5 119.5 0.5
119.5 -0.5 119.5 0.5 120.5 -0.5 120.5 0.5
120.5 -0.5 120.5 0.5 121.5 -0.5 121.5 0.5
121.5 -0.5 121.5 0.5 122.5 -0.5 122.5 0.5
122.5 -0.5 122.5 0.5 123.5 -0.5 123.5 0.5
123.5 -0.5 123.5 0.5 124.5 -0.5 124.5 0.5
124.5 -0.5 124.5 0.5 125.5 -0.5 125.5 0.5
125.5 -0.5 125.5 0.5 126.5 -0.5 126.5 0.5
126.5 -0.5 126.5 0.5 127.5 -0.5 127.5 0.5
127.5 -0.5 127.5 0.5 128.5 -0.5 128.5 0.5
128.5 -0.5 128.5 0.5 129.5 -0.5 129.5 0.5
129.5 -0.5 129.5 0.5 130.5 -0.5 130.5 0.5
130.5 -0.5 130.5 0.5 131.5 -0.5 131.5 0.5
131.5 -0.5 131.5 0.5 132.5 -0.5 132.5 0.5
132.5 -0.5 132.5 0.5 133.5 -0.5 133.5 0.5
133.5 -0.5 133.5 0.5 134.5 -0.5 134.5 0.5
134.5 -0.5 134.5 0.5 135.5 -0.5 135.5 0.5
135.5 -0.5 135.5 0.5 136.5 -0.5 136.5 0.5
136.5 -0.5 136.5 0.5 137.5 -0.5 137.5 0.5
137.5 -0.5 137.5 0.5 138.5 -0.5 138.5 0.5
138.5 -0.5 138.5 0.5 139.5 -0.5 139.5 0.5
139.5 -0.5 139.5 0.5 140.5 -0.5 140.5 0.5
140.5 -0.5 140.5 0.5 141.5 -0.5 141.5 0.5
141.5 -0.5 141.5 0.5 142.5 -0.5 142.5 0.5
142.5 -0.5 142.5 0.5 143.5 -0.5 143.5 0.5
143.5 -0.5 143.5 0.5 144.5 -0.5 144.5 0.5
144.5 -0.5 144.5 0.5 145.5 -0.5 145.5 0.5
145.5 -0.5 145.5 0.5 146.5 -0.5 146.5 0.5
146.5 -0.5 146.5 0.5 147.5 -0.5 147.5 0.5
147.5 -0.5 147.5 0.5 148.5 -0.5 148.5 0.5
148.5 -0.5 148.5 0.5 149.5 -0.5 149.5 0.5
149.5 -0.5 149.5 0.5 150.5 -0.5 150.5 0.5
150.5 -0.5 150.5 0.5 151.5 -0.5 151.5 0.5
151.5 -0.5 151.5 0.5 152.5 -0.5 152.5 0.5
152.5 -0.5 152.5 0.5 153.5 -0.5 153.5 0.5
153.5 -0.5 153.5 0.5 154.5 -0.5 154.5 0.5
154.5 -0.5 154.5 0.5 155.5 -0.5 155.5 0.5
155.5 -0.5 155.5 0.5 156.5 -0.5 156.5 0.5
156.5 -0.5 156.5 0.5 157.5 -0.5 157.5 0.5
157.5 -0.5 157.5 0.5 158.5 -0.5 158.5 0.5
158.5 -0.5 158.5 0.5 159.5 -0.5 159.5 0.5
159.5 -0.5 159.5 0.5 160.5 -0.5 160.5 0.5
160.5 -0.5 160.5 0.5 161.5 -0.5 161.5 0.5
161.5 -0.5 161.5 0.5 162.5 -0.5 162.5 0.5
162.5 -0.5 162.5 0.5 163.5 -0.5 163.5 0.5
163.5 -0.5 163.5 0.5 164.5 -0.5 164.5 0.5
164.5 -0.5 164.5 0.5 165.5 -0.5 165.5 0.5
165.5 -0.5 165.5 0.5 166.5 -0.5 166.5 0.5
166.5 -0.5 166.5 0.5 167.5 -0.5 167.5 0.5
167.5 -0.5 167.5 0.5 168.5 -0.5 168.5 0.5
168.5 -0.5 168.5 0.5 169.5 -0.5 169.5 0.5
169.5 -0.5 169.5 0.5 170.5 -0.5 170.5 0.5
170.5 -0.5 170.5 0.5 171.5 -0.5 171.5 0.5
171.5 -0.5 171.5 0.5 172.5 -0.5 172.5 0.5
172.5 -0.5 172.5 0.5 173.5 -0.5 173.5 0.5
173.5 -0.5 173.5 0.5 174.5 -0.5 174.5 0.5
174.5 -0.5 174.5 0.5 175.5 -0.5 175.5 0.5
175.5 -0.5 175.5 0.5 176.5 -0.5 176.5 0.5
176.5 -0.5 176.5 0.5 177.5 -0.5 177.5 0.5
177.5 -0.5 177.5 0.5 178.5 -0.5 178.5 0.5
178.5 -0.5 178.5 0.5 179.5 -0.5 179.5 0.5
179.5 -0.5 179.5 0.5 180.5 -0.5 180.5 0.5
180.5 -0.5 180.5 0.5 181.5 -0.5 181.5 0.5
181.5 -0.5 181.5 0.5 182.5 -0.5 182.5 0.5
182.5 -0.5 182.5 0.5 183.5 -0.5 183.5 0.5
183.5 -0.5 183.5 0.5 184.5 -0.5 184.5 0.5
184.5 -0.5 184.5 0.5 185.5 -0.5 185.5 0.5
185.5 -0.5 185.5 0.5 186.5 -0.5 186.5 0.5
186.5 -0.5 186.5 0.5 187.5 -0.5 187.5 0.5
187.5 -0.5 187.5 0.5 188.5 -0.5 188.5 0.5
188.5 -0.5 188.5 0.5 189.5 -0.5 189.5 0.5
189.5 -0.5 189.5 0.5 190.5 -0.5 190.5 0.5
190.5 -0.5 190.5 0.5 191.5 -0.5 191.5 0.5
191.5 -0.5 191.5 0.5 192.5 -0.5 192.5 0.5
192.5 -0.5 192.5 0.5 193.5 -0.5 193.5 0.5
193.5 -0.5 193.5 0.5 194.5 -0.5 194.5 0.5
194.5 -0.5 194.5 0.5 195.5 -0.5 195.5 0.5
195.5 -0.5 195.5 0.5 196.5 -0.5 196.5 0.5
196.5 -0.5 196.5 0.5 197.5 -0.5 197.5 0.5
197.5 -0.5 197.5 0.5 198.5 -0.5 198.5 0.5
198.5 -0.5 198.5 0.5 199.5 -0.5 199.5 0.5
199.5 -0.5 199.5 0.5 200.5 -0.5 200.5 0.5
200.5 -0.5 200.5 0.5 201.5 -0.5 201.5 0.5
201.5 -0.5 201.5 0.5 202.5 -0.5 202.5 0.5
202.5 -0.5 202.5 0.5 203.5 -0.5 203.5 0.5
203.5 -0.5 203.5 0.5 204.5 -0.5 204.5 0.5
204.5 -0.5 204.5 0.5 205.5 -0.5 205.5 0.5
205.5 -0.5 205.5 0.5 206.5 -0.5 206.5 0.5
206.5 -0.5 206.5 0.5 207.5 -0.5 207.5 0.5
207.5 -0.5 207.5 0.5 208.5 -0.5 208.5 0.5
208.5 -0.5 208.5 0.5 209.5 -0.5 209.5 0.5
209.5 -0.5 209.5 0.5 210.5 -0.5 210.5 0.5
210.5 -0.5 210.5 0.5 211.5 -0.5 211.5 0.5
211.5 -0.5 211.5 0.5 212.5 -0.5 212.5 0.5
212.5 -0.5 212.5 0.5 213.5 -0.5 213.5 0.5
213.5 -0.5 213.5 0.5 214.5 -0.5 214.5 0.5
214.5 -0.5 214.5 0.5 215.5 -0.5 215.5 0.5
215.5 -0.5 215.5 0.5 216.5 -0.5 216.5 0.5
216.5 -0.5 216.5 0.5 217.5 -0.5 217.5 0.5
217.5 -0.5 217.5 0.5 218.5 -0.5 218.5 0.5
218.5 -0.5 218.5 0.5 219.5 -0.5 219.5 0.5
219.5 -0.5 219.5 0.5 220.5 -0.5 220.5 0.5
220.5 -0.5 220.5 0.5 221.5 -0.5 221.5 0.5
221.5 -0.5 221.5 0.5 222.5 -0.5 222.5 0.5
222.5 -0.5 222.5 0.5 223.5 -0.5 223.5 0.5
223.5 -0.5 223.5 0.5 224.5 -0.5 224.5 0.5
224.5 -0.5 224.5 0.5 225.5 -0.5 225.5 0.5
225.5 -0.5 225.5 0.5 226.5 -0.5 226.5 0.5
226.5 -0.5 226.5 0.5 227.5 -0.5 227.5 0.5
227.5 -0.5 227.5 0.5 228.5 -0.5 228.5 0.5
228.5 -0.5 228.5 0.5 229.5 -0.5 229.5 0.5
229.5 -0.5 229.5 0.5 230.5 -0.5 230.5 0.5
230.5 -0.5 230.5 0.5 231.5 -0.5 231.5 0.5
231.5 -0.5 231.5 0.5 232.5 -0.5 232.5 0.5
232.5 -0.5 232.5 0.5 233.5 -0.5 233.5 0.5
233.5 -0.5 233.5 0.5 234.5 -0.5 234.5 0.5
234.5 -0.5 234.5 0.5 235.5 -0.5 235.5 0.5
235.5 -0.5 235.5 0.5 236.5 -0.5 236.5 0.5
236.5 -0.5 236.5 0.5 237.5 -0.5 237.5 0.5
237.5 -0.5 237.5 0.5 238.5 -0.5 238.5 0.5
238.5 -0.5 238.5 0.5 239.5 -0.5 239.5 0.5
239.5 -0.5 239.5 0.5 240.5 -0.5 240.5 0.5
240.5 -0.5 240.5 0.5 241.5 -0.5 241.5 0.5
241.5 -0.5 241.5 0.5 242.5 -0.5 242.5 0.5
242.5 -0.5 242.5 0.5 243.5 -0.5 243.5 0.5
243.5 -0.5 243.5 0.5 244.5 -0.5 244.5 0.5
244.5 -0.5 244.5 0.5 245.5 -0.5 245.5 0.5
245.5 -0.5 245.5 0.5 246.5 -0.5 246.5 0.5
246.5 -0.5 246.5 0.5 247.5 -0.5 247.5 0.5
247.5 -0.5 247.5 0.5 248.5 -0.5 248.5 0.5
248.5 -0.5 248.5 0.5 249.5 -0.5 249.5 0.5
249.5 -0.5 249.5 0.5 250.5 -0.5 250.5 0.5
250.5 -0.5 250.5 0.5 251.5 -0.5 251.5 0.5
251.5 -0.5 251.5 0.5 252.5 -0.5 252.5 0.5
252.5 -0.5 252.5 0.5 253.5 -0.5 253.5 0.5
253.5 -0.5 253.5 0.5 254.5 -0.5 254.5 0.5
254.5 -0.5 254.5 0.5 255.5 -0.5 255.5 0.5
255.5 -0.5 255.5 0.5 256.5 -0.5 256.5 0.5
256.5 -0.5 256.5 0.5 257.5 -0.5 257.5 0.5
257.5 -0.5 257.5 0.5 258.5 -0.5 258.5 0.5
258.5 -0.5 258.5 0.5 259.5 -0.5 259.5 0.5
259.5 -0.5 259.5 0.5 260.5 -0.5 260.5 0.5
260.5 -0.5 260.5 0.5 261.5 -0.5 261.5 0.5
261.5 -0.5 261.5 0.5 262.5 -0.5 262.5 0.5
262.5 -0.5 262.5 0.5 263.5 -0.5 263.5 0.5
263.5 -0.5 263.5 0.5 264.5 -0.5 264.5 0.5
264.5 -0.5 264.5 0.5 265.5 -0.5 265.5 0.5
265.5 -0.5 265.5 0.5 266.5 -0.5 266.5 0.5
266.5 -0.5 266.5 0.5 267.5 -0.5 267.5 0.5
267.5 -0.5 267.5 0.5 268.5 -0.5 268.5 0.5
268.5 -0.5 268.5 0.5 269.5 -0.5 269.5 0.5
269.5 -0.5 269.5 0.5 270.5 -0.5 270.5 0.5
270.5 -0.5 270.5 0.5 271.5 -0.5 271.5 0.5
271.5 -0.5 271.5 0.5 272.5 -0.5 272.5 0.5
272.5 -0.5 272.5 0.5 273.5 -0.5 273.5 0.5
273.5 -0.5 273.5 0.5 274.5 -0.5 274.5 0.5
274.5 -0.5 274.5 0.5 275.5 -0.5 275.5 0.5
275.5 -0.5 275.5 0.5 276.5 -0.5 276.5 0.5
276.5 -0.5 276.5 0.5 277.5 -0.5 277.5 0.5
277.5 -0.5 277.5 0.5 278.5 -0.5 278.5 0.5
278.5 -0.5 278.5 0.5 279.5 -0.5 279.5 0.5
279.5 -0.5 279.5 0.5 280.5 -0.5 280.5 0.5
280.5 -0.5 280.5 0.5 281.5 -0.5 281.5 0.5
281.5 -0.5 281.5 0.5 282.5 -0.5 282.5 0.5
282.5 -0.5 282.5 0.5 283.5 -0.5 283.5 0.5
283.5 -0.5 283.5 0.5 284.5 -0.5 284.5 0.5
284.5 -0.5 284.5 0.5 285.5 -0.5 285.5 0.5
285.5 -0.5 285.5 0.5 286.5 -0.5 286.5 0.5
286.5 -0.5 286.5 0.5 287.5 -0.5 287.5 0.5
287.5 -0.5 287.5 0.5 288.5 -0.5 288.5 0.5
288.5 -0.5 288.5 0.5 289.5 -0.5 289.5 0.5
289.5 -0.5 289.5 0.5 290.5 -0.5 290.5 0.5
290.5 -0.5 290.5 0.5 291.5 -0.5 291.5 0.5
291.5 -0.5 291.5 0.5 292.5 -0.5 292.5 0.5
292.5 -0.5 292.5 0.5 293.5 -0.5 293.5 0.5
293.5 -0.5 293.5 0.5 294.5 -0.5 294.5 0.5
294.5 -0.5 294.5 0.5 295.5 -0.5 295.5 0.5
295.5 -0.5 295.5 0.5 296.5 -0.5 296.5 0.5
296.5 -0.5 296.5 0.5 297.5 -0.5 297.5 0.5
297.5 -0.5 297.5 0.5 298.5 -0.5 298.5 0.5
298.5 -0.5 298.5 0.5 299.5 -0.5 299.5 0.5